0 5 0 0
1 7 0
2 2 0
3 4 0 1 3 5
4 12 0 3
5 2 0 3
6 3968 0 1 3 5
7 13 0 1 3
8 1284 0 1 3 5
9 3 0 1 3
10 1 0
11 1 0
12 44 0 1 3 5
13 4 0 3
14 1 0
15 2937 0 1 3 5
16 1 0
17 1 0
18 805 0 1 3 5
19 24 0 1 3 5
20 2 0
21 4 0 5
22 1 0
23 1 0
24 1 0
25 553 0 1 3 5
26 871 0 1 3 5
27 173 0 1 3 5
28 1 0
29 5 0
30 5 0
31 386 0 1 3 5
32 57 0 1 3 5
33 1 0
34 9 0 1 3 5
35 4 0 3
36 25 0 1 3 5
37 335 0 1 3 5
38 606 0 1 3 5
39 22 0 1 3 5
40 716 0 1 3 5
41 18 0 1 3 5
42 2 0
43 5 0 1 3 5
44 3 0
45 1 0
46 331 0 1 3 5
47 1 0
48 5 0
49 1870 0 1 3 5
50 1 0
51 2 0
52 15 0 1 3 5
53 1807 0 1 3 5
54 1 0
55 4 0 1
56 9 0 1 3 5
57 1 0
58 5 0
59 59 0 1 3 5
60 1 0
61 491 0 1 3 5
62 40 0 1 3 5
63 6 0 1
64 81 0 1 3 5
65 154 0 1 3 5
66 1345 0 1 3 5
67 12 0 1 3 5
68 1208 0 1 3 5
69 4 0 1 3 5
70 2 0 3
71 554 0 1 3 5
72 2 0
73 1061 0 1 3 5
74 1 0
75 9 0 3
76 317 0 1 3 5
77 856 0 1 3 5
78 93 0 1 3 5
79 126 0 1 3 5
80 22 0 1 3 5
81 685 0 1 3 5
82 2261 0 1 3 5
83 227 0 1 3 5
84 108 0 1 3 5
85 54 0 1 3 5
86 5 0
87 2 0 3
88 1 0
89 58 0 1 3 5
90 1 0
91 217 0 1 3 5
92 186 0 1 3 5
93 43 0 1 3 5
94 757 0 1 3 5
95 1 0
96 21 0 3
97 1 0
98 7 0
99 11 0 1 3 5
100 52 0 1 3 5
101 1 0
102 427 0 1 3 5
103 18 0 1 3 5
104 6 0 1 3
105 18 0 1 3 5
106 38 0 1 3 5
107 2 0
108 1 0
109 1 0
110 1 0
111 2 0 1
112 347 0 1 3 5
113 24 0 1 3 5
114 1 0
115 2 0
116 341 0 1 3 5
117 1 0
118 1 0
119 1 0
120 1 0
121 1 0
122 4 0 1 3
123 5 0 3 5
124 9 0 1 3 5
125 68 0 1 3 5
126 2 0 3
127 3 0 3 5
128 3 0 1
129 185 0 1 3 5
130 52 0 1 3 5
131 327 0 1 3 5
132 13 0 1 3 5
133 5 0 3
134 2 0
135 1 0
136 18 0 1 3
137 1 0
138 1 0
139 1 0
140 4 0 3
141 1 0
142 2 0 3
143 2 0 3
144 9 0 1 3 5
145 1 0
146 2 0
147 111 0 1 3 5
148 2 0
149 1 0
150 7 0 1
151 1 0
152 1 0
153 14 0
154 2 0
155 3 0
156 1 0
157 34 0 1 3 5
158 35 0 1 3
159 57 0 1 3 5
160 465 0 1 3 5
161 30 0 1 3 5
162 3 0
163 38 0 1 3 5
164 1 0
165 2 0
166 1 0
167 1 0
168 39 0 1 3 5
169 8 0
170 2 0
171 3 0
172 1 0
173 1 0
174 1 0
175 1 0
176 4 0 3
177 96 0 1 3 5
178 3 0
179 1 0
180 1 0
181 1 0
182 1 0
183 62 0 1 3 5
184 3 0
185 27 0 1 3 5
186 134 0 1 3 5
187 1 0
188 1 0
189 1 0
190 1 0
191 1 0
192 2 0
193 3 0
194 1 0
195 3 0
196 1 0
197 160 0 1 3 5
198 1 0
199 2 0
200 2 0
201 2 0
202 7 0 3
203 1 0
204 2 0
205 1 0
206 1 0
207 1 0
208 1 0
209 1 0
210 1 0
211 1 0
212 7 0 1 5
213 1 0
214 1 0
215 1 0
216 1 0
217 4 0 5
218 1 0
219 1 0
220 1 0
221 1 0
222 1 0
223 1 0
224 1 0
225 2 0 3
226 1 0
227 1 0
228 1 0
229 387 0 1 3 5
230 1 0
231 3 0 1
232 6 0 1
233 79 0 1 3 5
234 1 0
235 263 0 1 3 5
236 7 0 1 3 5
237 3 0 3
238 6 0 3
239 1 0
240 7 1 3
241 108 1
242 10 1 3 5
243 23 1
244 10 1
245 10 1
246 2 1 5
247 1 1
248 2 1
249 231 1 3 5
250 12 1
251 4 1 5
252 43 1 3 5
253 3 1
254 3 1
255 17 1 3 5
256 36 1
257 254 1 3 5
258 1 1
259 47 1
260 26 1 3 5
261 46 1
262 6 1
263 10 1
264 5 1
265 26 1
266 30 1
267 7 1
268 20 1 3
269 4 1
270 9 1
271 7 1 5
272 3 1
273 6 1
274 8 1 3 5
275 23 1
276 80 1 3 5
277 3 1
278 1 1
279 15 1
280 13 1
281 1 1
282 34 1 3
283 5 1 3
284 6 1
285 15 1
286 131 1 3 5
287 132 1 3 5
288 29 1
289 38 1 3 5
290 34 1
291 10 1
292 111 1 3 5
293 13 1 5
294 7 1 3
295 2 1
296 7 1
297 9 1 3 5
298 2 1
299 10 1 5
300 18 1
301 9 1
302 13 1 3
303 14 1 5
304 9 1
305 9 1
306 49 1 3 5
307 11 1 5
308 9 1
309 11 1 3
310 14 1 5
311 9 1
312 9 1
313 9 1
314 9 1
315 10 1
316 9 1
317 12 1 3
318 9 1
319 18 1
320 18 1
321 529 1 3 5
322 91 1 3 5
323 153 1 3 5
324 17 1 3
325 424 1 3 5
326 272 1 3 5
327 50 1 3 5
328 10 1
329 46 1 3 5
330 11 1 3
331 24 1 3 5
332 9 1
333 9 1
334 9 1
335 9 1
336 9 1
337 77 1 3 5
338 26 1 3 5
339 11 1 3
340 9 1
341 199 1 3 5
342 9 1
343 37 1 3 5
344 23 1
345 28 1 3 5
346 1462 1 3 5
347 4 1
348 92 1 3 5
349 15 1
350 110 1 3 5
351 1 1
352 219 1 3 5
353 1 1
354 216 1 3 5
355 105 1 3 5
356 880 1 3 5
357 3 1 5
358 253 1 3 5
359 1 1
360 609 1 3 5
361 20 1
362 4 1 3 5
363 10 1 5
364 29 1 5
365 40 1 3 5
366 496 1 3 5
367 33 1 3 5
368 3 1
369 22 1 3 5
370 33 1 3 5
371 1348 1 3 5
372 1252 1 3 5
373 166 1 3 5
374 6 1 3
375 131 1 3 5
376 32 1 3 5
377 93 1 3 5
378 18 1 3 5
379 9 1 3 5
380 56 1 3 5
381 160 1 3 5
382 70 1 3 5
383 4 1 3 5
384 14 1 3 5
385 5 1 3
386 17 1 3 5
387 143 1 3 5
388 5 1 3
389 55 1 3 5
390 579 1 3 5
391 17 1 3 5
392 10 1 3 5
393 3 1 3
394 3 1 3
395 167 1 3 5
396 103 1 3 5
397 348 1 3 5
398 374 1 3 5
399 19 1 3 5
400 1 1
401 890 1 3 5
402 27 1 3 5
403 9 1 5
404 398 1 3 5
405 121 1 3 5
406 13 1 3
407 119 1 3 5
408 84 1 3 5
409 26 1 3 5
410 109 1
411 28 1 3 5
412 44 1 3 5
413 34 1 5
414 1 1
415 6 1
416 115 1 3 5
417 222 1 3 5
418 22 1 3 5
419 16 1 3 5
420 91 1 5
421 2 1
422 28 1 3 5
423 54 1 5
424 1 1
425 146 1 3 5
426 451 1 3 5
427 13 1 3 5
428 20 1 5
429 79 1 3 5
430 3 1
431 27 1 3 5
432 50 1 3 5
433 71 1 3 5
434 27 1 3 5
435 863 1 3 5
436 195 1 3 5
437 3 1
438 187 1 3 5
439 3 1 3
440 99 1 3 5
441 35 1 3 5
442 5 1 3
443 1 1
444 28 1 3 5
445 14 1 3 5
446 24 1 3 5
447 3 1 3
448 9 1 3
449 8 1 3
450 3 1 5
451 2 1
452 75 1 3 5
453 96 1 3 5
454 2 1
455 5 1 5
456 7 1 3 5
457 21 1 3 5
458 10 1
459 95 1 3 5
460 1 1
461 17 1 3 5
462 1 1
463 34 1 3 5
464 363 1 3 5
465 9 1 3
466 272 1 3 5
467 5 1 5
468 13 1 3 5
469 44 1 3 5
470 1 1
471 271 1 3 5
472 2 1
473 74 1 3 5
474 8 1 5
475 1 1
476 51 1 3 5
477 140 1 3 5
478 3 1 5
479 29 1 3 5
480 34 1 3 5
481 10 1 3 5
482 292 1 3 5
483 16 1 3 5
484 17 1 3 5
485 81 1 3 5
486 101 1 3 5
487 44 1 3 5
488 17 1 3 5
489 215 1 3 5
490 56 1 3 5
491 292 1 3 5
492 47 1 3 5
493 1 1
494 17 1 3 5
495 27 1 3 5
496 1 1
497 43 1 3 5
498 20 1 3 5
499 17 1 3 5
500 27 1 3 5
501 1 1
502 27 1 3 5
503 35 1 3 5
504 6 1 3
505 32 1 3 5
506 17 1 5
507 7 1 3
508 232 1 3 5
509 35 1 3 5
510 13 1 5
511 3 1
512 161 1 3 5
513 1 1
514 91 1 3 5
515 15 1 3 5
516 40 1 3 5
517 6 1 3 5
518 11 1 3
519 47 1 3 5
520 227 1 3 5
521 145 1 3 5
522 16 1 5
523 38 1 5
524 70 1 3 5
525 43 1 3 5
526 63 1 3 5
527 2 1 5
528 59 1 3 5
529 1 1
530 77 1 3 5
531 82 1 3 5
532 12 1 5
533 151 1 3 5
534 3 1
535 74 1 5
536 3 1
537 1 1
538 1 1
539 6 1 3 5
540 1 1
541 2 1 5
542 1 1
543 1 1
544 2 1
545 50 1 3 5
546 81 1 3 5
547 4 1 3
548 1 1
549 1 1
550 13 1 3 5
551 95 1 3 5
552 24 1 3 5
553 189 1 3 5
554 3 1
555 3 1
556 7 1 3 5
557 1 1
558 1 1
559 21 1 3 5
560 104 1 3 5
561 13 1 3
562 117 1 3 5
563 5 1 3
564 1 1
565 2 1 3
566 1 1
567 13 1 3 5
568 18 1 3 5
569 2 1 3
570 17 1 3 5
571 1 1
572 4 1
573 1 1
574 1 1
575 1 1
576 3 1 5
577 1 1
578 1 1
579 52 1 3 5
580 6 1 5
581 3 1 5
582 58 1 3 5
583 3 1 5
584 2 1 3
585 14 1 3
586 1 1
587 42 1 5
588 1 1
589 52 1 3 5
590 20 1 5
591 101 1 3 5
592 4 1 3 5
593 20 1 3 5
594 7 1 3 5
595 22 1 3 5
596 5 1 5
597 86 1 3 5
598 1 1
599 2 1 5
600 1 1
601 7 1 3
602 1 1
603 3 1 3
604 4 1 5
605 19 1 3
606 22 1 3 5
607 1 1
608 1 1
609 6 1
610 2 1 3
611 1 1
612 7 1
613 2 1
614 1 1
615 68 1 3 5
616 45 1 3 5
617 4 1
618 31 1 3 5
619 1 1
620 2 1 3
621 1 1
622 1 1
623 1 1
624 5 1 5
625 1 1
626 1 1
627 1 1
628 2 1 5
629 3 1 5
630 1 1
631 42 1 3 5
632 144 1 3 5
633 28 1 3 5
634 1 1
635 2 1 5
636 9 1 3 5
637 31 1 3 5
638 1 1
639 148 1 3 5
640 1 1
641 9 1 5
642 2 1
643 1 1
644 10 1 3 5
645 2 1
646 2 1
647 5 1 3 5
648 19 1 5
649 430 1 3 5
650 105 1 3 5
651 12 1 5
652 7 1 5
653 14 1 3 5
654 85 1 3 5
655 6 1 3
656 1 1
657 1 1
658 43 1 3 5
659 7 1 3
660 5 1
661 1 1
662 2 1
663 7 1 3
664 56 1 3 5
665 1 1
666 1 1
667 11 1
668 13 1 3 5
669 1 1
670 4 1 3
671 64 1 3 5
672 109 1 3 5
673 2 1
674 1 1
675 7 1 3 5
676 10 1 3
677 28 1 3 5
678 11 1 3 5
679 1 1
680 2 1
681 130 1 3 5
682 20 1 5
683 1 1
684 2 1
685 5 1 5
686 1 1
687 1 1
688 2 1 3
689 1 1
690 2 1
691 3 1 3
692 14 1 3
693 1 1
694 32 1 3 5
695 1 1
696 30 1 3 5
697 1 1
698 16 1 3 5
699 1 1
700 2 1 5
701 2 1
702 2 1
703 6 1 3
704 3 1
705 1 1
706 1 1
707 5 1 3
708 2 1 5
709 1 1
710 1 1
711 2 1
712 6 1 5
713 2 1 3
714 39 1 3 5
715 1 1
716 1 1
717 1 1
718 18 1 3 5
719 3 1 5
720 8 1 5
721 145 1 3 5
722 3 1 3
723 86 1 3 5
724 2 1
725 1 1
726 1 1
727 32 1 3 5
728 37 1 5
729 50 1 3 5
730 50 1 3 5
731 53 1 3 5
732 8 1 3 5
733 6 1 3 5
734 1 1
735 183 1 3 5
736 1 1
737 11 1 3 5
738 4 1 3
739 1 1
740 6 1 3 5
741 1 1
742 1 1
743 7 1 3
744 1 1
745 763 1 3 5
746 21 1 3 5
747 12 1
748 18 1 3 5
749 47 1 3 5
750 7 1 5
751 1 1
752 13 1 3 5
753 203 1 3 5
754 12 1 3 5
755 1 1
756 11 1 3 5
757 57 1 3 5
758 2 1
759 41 1 3 5
760 5 1 3
761 49 1 3 5
762 2 1 5
763 8 1 3 5
764 3 1 5
765 3 1 3
766 1 1
767 132 1 3 5
768 7 1 3
769 4 1 3
770 7 1 3
771 4 1 3 5
772 2 1 5
773 71 1 3 5
774 5 1
775 4 1 5
776 1 1
777 1 1
778 6 1 3 5
779 17 1 3 5
780 2 1 3
781 27 1 3 5
782 44 1 3 5
783 1 1
784 1 1
785 42 1 3 5
786 1 1
787 3 1 5
788 15 1 3 5
789 4 1
790 2 1 3
791 1 1
792 2 1 5
793 6 1 3
794 77 1 3 5
795 5 1 5
796 10 1 3 5
797 1 1
798 7 1 3 5
799 1 1
800 26 1 3 5
801 1 1
802 1 1
803 11 1 3 5
804 5 1
805 3 1 5
806 7 1
807 1 1
808 23 1 3 5
809 12 1 3
810 64 1 3 5
811 4 1 5
812 19 1 3 5
813 6 1 5
814 1 1
815 7 1 5
816 1 1
817 4 1 5
818 2 1 3
819 4 1 3
820 23 1 5
821 5 1 5
822 1 1
823 1 1
824 4 1 3
825 4 1 5
826 5 1
827 7 1 5
828 6 1 3 5
829 2 1 3
830 1 1
831 8 1 5
832 3 1 3
833 15 1 3
834 23 1 3 5
835 11 1 3 5
836 41 1 3 5
837 17 1 3 5
838 47 1 3 5
839 1 1
840 51 1 5
841 12 1 3 5
842 47 1 3 5
843 8 1
844 8 1 5
845 5 1
846 89 1 3 5
847 71 1 3 5
848 16 1 3 5
849 13 1 3 5
850 12 1 3 5
851 1 1
852 26 1 5
853 9 1 3 5
854 18 1 5
855 24 1 3 5
856 7 1 5
857 1 1
858 5 1 3
859 13 1 3 5
860 34 1 3 5
861 5 1 5
862 3 1 3
863 43 1 3 5
864 4 1 5
865 10 1 5
866 10 1 5
867 16 1 3 5
868 8 1 5
869 1 1
870 1 1
871 15 1 5
872 1 1
873 19 1 3 5
874 5 1 5
875 2 1 5
876 2 1
877 6 1 5
878 1 1
879 11 1 3 5
880 3 1 3
881 2 1
882 1 1
883 9 1 3 5
884 1 1
885 18 1 3 5
886 17 1 3 5
887 1 1
888 37 1 3 5
889 1 1
890 6 1 3 5
891 5 1 3
892 6 1 3
893 6 1 3
894 7 1 3 5
895 1 1
896 9 1 3 5
897 20 1 3
898 1 1
899 251 1 3 5
900 4 1
901 1 1
902 15 1 3 5
903 6 1 3 5
904 1 1
905 1 1
906 2 1 3
907 3 1
908 1 1
909 3 1 5
910 27 1 3 5
911 3 1
912 4 1 3 5
913 24 1 5
914 6 1 3
915 11 1 5
916 2 1 3
917 1 1
918 7 1 3
919 3 1
920 2 1
921 19 1 3 5
922 2 1
923 19 1 3 5
924 4 1 3 5
925 2 1
926 1 1
927 1 1
928 2 1
929 2 1
930 1 1
931 5 1 3
932 1 1
933 2 1 3
934 2 1 3
935 9 1
936 7 1 3
937 4 1
938 1 1
939 2 1
940 52 1 3 5
941 3 1
942 24 1 3 5
943 15 1 3 5
944 48 1 3 5
945 8 1 3 5
946 52 1 3 5
947 22 1 3 5
948 16 1 3 5
949 9 1 5
950 9 1 3
951 2 1
952 4 1
953 1 1
954 43 1 3 5
955 3 1 5
956 62 1
957 9 1 3 5
958 50 1 3 5
959 7 1 3 5
960 18 1 3 5
961 5 1
962 3 1 3 5
963 2 1
964 94 1 3 5
965 1 1
966 146 1 3 5
967 6 1 3
968 26 1 3 5
969 5 1 3
970 4 1 5
971 8 1 3 5
972 11 1 3 5
973 34 1 3 5
974 86 1
975 1 1
976 5 1 3
977 1 1
978 1 1
979 14 1 3 5
980 13 1 5
981 177 1 3 5
982 27 1 5
983 55 1 3 5
984 3 1 5
985 1 1
986 4 1
987 358 1
988 44 1 3 5
989 2 1
990 20 1 3 5
991 37 1 3 5
992 9 1 3 5
993 11 1 5
994 113 1 3 5
995 1 1
996 13 1 3
997 1 1
998 1 1
999 13 1 5
1000 29 1 3 5
1001 12 1 3
1002 4 1 5
1003 12 1 3 5
1004 12 1 3 5
1005 20 1 3 5
1006 10 1 3
1007 1 1
1008 83 1 3 5
1009 13 1 3
1010 27 1 3 5
1011 1 1
1012 6 1 3
1013 2 1 3
1014 4 1 5
1015 13 1 3 5
1016 22 1 3 5
1017 2 1 3
1018 1 1
1019 2 1
1020 18 1 3 5
1021 1 1
1022 4 1 3
1023 3 1 3
1024 1 1
1025 5 1
1026 4 1 3
1027 1 1
1028 7 1 5
1029 1 1
1030 9 1 3
1031 65 1 3 5
1032 20 1 3 5
1033 3 1 5
1034 136 1 3 5
1035 63 1 3 5
1036 41 1 3 5
1037 1 1
1038 1 1
1039 49 1 3 5
1040 1 1
1041 3 1 3 5
1042 1 1
1043 2 1 3
1044 11 1 3 5
1045 1 1
1046 3 1 3
1047 2 1
1048 1 1
1049 1 1
1050 1 1
1051 1 1
1052 1 1
1053 1 1
1054 1 1
1055 14 1 3 5
1056 1 1
1057 1 1
1058 42 1 3 5
1059 1 1
1060 6 1 3 5
1061 7 1 3
1062 1 1
1063 2 1
1064 20 1 3 5
1065 134 1 3 5
1066 1 1
1067 2 1
1068 6 1 5
1069 8 1 3 5
1070 3 1 3
1071 4 1 5
1072 143 1 3 5
1073 121 1 3 5
1074 3 1
1075 54 1 3 5
1076 9 1 3 5
1077 6 1 3 5
1078 5 1
1079 1 1
1080 11 1 3 5
1081 2 1
1082 1 1
1083 93 1 3 5
1084 9 1 3 5
1085 7 1 3 5
1086 2 1
1087 76 1 3 5
1088 13 1 3
1089 4 1
1090 1 1
1091 11 1 3 5
1092 9 1 3 5
1093 7 1 3 5
1094 11 1 3 5
1095 1 1
1096 610 1 3 5
1097 6 1 5
1098 12 1 3 5
1099 8 1 3 5
1100 7 1 3
1101 14 1 3 5
1102 1 1
1103 1 1
1104 5 1
1105 5 1 3
1106 22 1 5
1107 5 1 5
1108 2 1 5
1109 8 1 3
1110 5 1 5
1111 64 1 3 5
1112 20 1 3 5
1113 4 1 3
1114 1 1
1115 1 1
1116 2 1 5
1117 11 1 3 5
1118 1 1
1119 8 1 5
1120 4 1 5
1121 1 1
1122 2 1 5
1123 32 1 3 5
1124 144 1 3 5
1125 1 1
1126 3 1
1127 1 1
1128 1 1
1129 4 1 3 5
1130 2 1 5
1131 6 1 3 5
1132 1 1
1133 4 1 3
1134 12 1 3
1135 1 1
1136 3 1 3
1137 7 1 3 5
1138 1 1
1139 7 1
1140 2 1 5
1141 16 1 3 5
1142 4 1
1143 14 1 3 5
1144 1 1
1145 1 1
1146 1 1
1147 10 1 3 5
1148 7 1 5
1149 46 1 3 5
1150 3 1 3
1151 46 1 3 5
1152 674 1 3 5
1153 3 1 3 5
1154 1 1
1155 15 1 3 5
1156 2 1
1157 5 1 5
1158 1 1
1159 36 1 3 5
1160 24 1 3 5
1161 4 1 3
1162 18 1 3
1163 42 1 3 5
1164 28 1 3 5
1165 1 1
1166 15 1 3 5
1167 10 1 3 5
1168 9 1 3
1169 8 1 5
1170 1 1
1171 29 1 3 5
1172 11 1 3 5
1173 3 1
1174 7 1 3 5
1175 1 1
1176 27 1 3 5
1177 2 1 3
1178 1 1
1179 10 1 3 5
1180 5 1 3
1181 1 1
1182 4 1
1183 1 1
1184 23 1 3 5
1185 4 1 5
1186 8 1
1187 28 1 3 5
1188 14 1 3 5
1189 13 1 3
1190 22 1 3 5
1191 2 1
1192 5 1
1193 9 1 3 5
1194 30 1 3 5
1195 1 1
1196 7 1 5
1197 11 1 3 5
1198 26 1 3 5
1199 11 1 3 5
1200 2 1 5
1201 21 1 5
1202 5 1 5
1203 16 1 3 5
1204 1 1
1205 37 1 3
1206 2 1 3
1207 4 1
1208 2 1
1209 1 1
1210 3 1 3
1211 2 1 5
1212 27 1 3 5
1213 2 1
1214 15 1 3 5
1215 5 1 3
1216 9 1 5
1217 69 1 3 5
1218 7 1 5
1219 1 1
1220 10 1 3 5
1221 55 1 3 5
1222 1 1
1223 4 1 3 5
1224 3 1 5
1225 20 1 3 5
1226 2 1 3
1227 8 1 5
1228 2 1 5
1229 6 1 3
1230 1 1
1231 12 1 3 5
1232 16 1 3 5
1233 1 1
1234 4 1 3 5
1235 1 1
1236 4 1
1237 1 1
1238 2 1 5
1239 1 1
1240 1 1
1241 4 1
1242 3 1
1243 1 1
1244 1 1
1245 15 1 3 5
1246 3 1
1247 13 1 3 5
1248 20 1 3 5
1249 1 1
1250 63 1 3 5
1251 48 1 3 5
1252 31 1 3 5
1253 75 1 3 5
1254 1 1
1255 32 1 3 5
1256 6 1 5
1257 6 1 3 5
1258 5 1 3
1259 5 1 5
1260 5 1 3 5
1261 1 1
1262 2 1 5
1263 7 1 5
1264 3 1
1265 2 1
1266 2 1
1267 16 1 3 5
1268 4 1 5
1269 21 1 3 5
1270 62 1 3 5
1271 7 1 3 5
1272 1 1
1273 5 1 5
1274 1 1
1275 7 1 3
1276 3 1 5
1277 9 1 3 5
1278 3 1 3
1279 1 1
1280 3 1
1281 1 1
1282 1 1
1283 9 1 3 5
1284 1 1
1285 2 1
1286 1 1
1287 6 1 5
1288 1 1
1289 4 1
1290 21 1 3 5
1291 17 1 3 5
1292 3 1 5
1293 6 1 3
1294 1 1
1295 1 1
1296 24 1 3 5
1297 1 1
1298 42 1 3 5
1299 2 1 5
1300 3 1 5
1301 7 1 5
1302 6 1 5
1303 1 1
1304 19 1 3 5
1305 26 1 3 5
1306 40 1 5
1307 2 1 3
1308 3 1 3
1309 1 1
1310 3 1
1311 7 1 3 5
1312 58 1 3 5
1313 2 1 5
1314 1 1
1315 1 1
1316 1 1
1317 2 1
1318 43 1 3 5
1319 58 1
1320 3 1 3 5
1321 10 1 3 5
1322 2 1
1323 1 1
1324 18 1 3
1325 1 1
1326 15 1 3 5
1327 2 1 3
1328 4 1 3 5
1329 2 1
1330 1 1
1331 3 1 5
1332 1 1
1333 18 1 3 5
1334 1 1
1335 3 1 5
1336 2 1 5
1337 2 1
1338 5 1 3 5
1339 6 1 3 5
1340 8 1 5
1341 37 1 3
1342 3 1 3
1343 1 1
1344 1 1
1345 16 1 5
1346 3 1 5
1347 3 1 5
1348 71 1 3 5
1349 1 1
1350 4 1 3
1351 1 1
1352 7 1 3
1353 2 1
1354 6 1 5
1355 1 1
1356 1 1
1357 3 1 5
1358 7 1
1359 17 1 3
1360 15 1 3 5
1361 3 1 5
1362 11 1 3 5
1363 1 1
1364 1 1
1365 2 1
1366 4 1 5
1367 1 1
1368 1 1
1369 46 1 3 5
1370 3 1 3 5
1371 5 1 5
1372 12 1 3
1373 16 1 3 5
1374 1 1
1375 12 1 5
1376 2 1
1377 17 1 3 5
1378 1 1
1379 9 1 3 5
1380 13 1 3 5
1381 1 1
1382 1 1
1383 1 1
1384 3 1 5
1385 2 1
1386 1 1
1387 15 1 3 5
1388 1 1
1389 2 1
1390 2 1 3
1391 1 1
1392 1 1
1393 2 1
1394 2 1
1395 19 1 3 5
1396 1 1
1397 28 1 3 5
1398 8 1 5
1399 4 1 3
1400 1 1
1401 1 1
1402 1 1
1403 1 1
1404 1 1
1405 108 1 3 5
1406 7 1 5
1407 2 1
1408 1 1
1409 1 1
1410 1 1
1411 4 1 3
1412 2 1 5
1413 1 1
1414 1 1
1415 1 1
1416 7 1 3
1417 6 1 5
1418 12 1 3 5
1419 2 1 3
1420 21 1 3 5
1421 9 1 3 5
1422 11 1 3
1423 21 1 3 5
1424 9 1 3
1425 7 1 3 5
1426 2 1 5
1427 4 1 3
1428 1 1
1429 4 1 3
1430 1 1
1431 26 1 3
1432 2 1
1433 1 1
1434 7 1 3 5
1435 10 1 3 5
1436 3 1 3
1437 5 1 5
1438 1 1
1439 1 1
1440 1 1
1441 3 1 5
1442 3 1 3
1443 3 1 5
1444 1 1
1445 1 1
1446 68 1 3 5
1447 10 1 3 5
1448 4 1
1449 1 1
1450 10 1 3
1451 1 1
1452 5 1 3
1453 3 1
1454 2 1 5
1455 1 1
1456 6 1 3 5
1457 12 1 3 5
1458 1 1
1459 3 1 5
1460 2 1
1461 3 1 3
1462 1 1
1463 3 1
1464 20 1 3 5
1465 1 1
1466 1 1
1467 2 1 3
1468 1 1
1469 1 1
1470 1 1
1471 7 1 3 5
1472 1 1
1473 24 1 3 5
1474 4 1 3 5
1475 41 1 3 5
1476 10 1 5
1477 9 1 5
1478 7 1 3
1479 1 1
1480 8 1 3 5
1481 5 1 5
1482 2 1
1483 3 1 3 5
1484 22 1 3 5
1485 18 1 5
1486 1 1
1487 21 1 3 5
1488 4 1 3
1489 5 1
1490 25 1 3 5
1491 3 1 5
1492 81 1 3 5
1493 1 1
1494 16 1 3 5
1495 2 1 3
1496 1 1
1497 31 1 3 5
1498 52 1 3 5
1499 3 1
1500 1 1
1501 23 1 3 5
1502 1 1
1503 2 1 3
1504 6 1
1505 38 1 3 5
1506 9 1 3
1507 2 1
1508 6 1 5
1509 1 1
1510 9 1 3 5
1511 3 1 5
1512 3 1 5
1513 10 1
1514 3 1 3
1515 5 1 5
1516 12 1 5
1517 1 1
1518 5 1 3 5
1519 19 1 3 5
1520 6 1 5
1521 7 1 5
1522 1 1
1523 11 1 3 5
1524 1 1
1525 1 1
1526 1 1
1527 4 1
1528 1 1
1529 10 1 3 5
1530 1 1
1531 1 1
1532 2 1
1533 6 1 3
1534 44 1 3 5
1535 1 1
1536 2 1 3
1537 9 1 3 5
1538 21 1 3 5
1539 1 1
1540 4 1 3
1541 1 1
1542 1 1
1543 2 1 3
1544 1 1
1545 3 1
1546 1 1
1547 1 1
1548 12 1 3 5
1549 1 1
1550 3 1
1551 1 1
1552 2 1
1553 3 1 5
1554 2 1
1555 61 1 3
1556 5 1 5
1557 45 1 3 5
1558 14 1 3 5
1559 11 1 3 5
1560 9 1 3 5
1561 6 1 3 5
1562 2 1 5
1563 1 1
1564 1 1
1565 3 1 3
1566 1 1
1567 4 1 5
1568 20 1 3
1569 3 1
1570 11 1 3 5
1571 28 1 3 5
1572 12 1 3 5
1573 6 1 3
1574 1 1
1575 1 1
1576 1 1
1577 1 1
1578 1 1
1579 1 1
1580 2 1
1581 1 1
1582 1 1
1583 5 1 3
1584 1 1
1585 14 1 3 5
1586 10 1 3 5
1587 11 1 3 5
1588 1 1
1589 2 1
1590 1 1
1591 1 1
1592 2 1 3
1593 1 1
1594 29 1 3 5
1595 1 1
1596 1 1
1597 1 1
1598 1 1
1599 2 1 5
1600 1 1
1601 3 1
1602 1 1
1603 6 1 5
1604 3 1 3
1605 3 1
1606 1 1
1607 1 1
1608 2 1
1609 34 1 3 5
1610 1 1
1611 4 1 3 5
1612 12 1 3 5
1613 2 1
1614 1 1
1615 4 1 5
1616 3 1 3
1617 1 1
1618 1 1
1619 1 1
1620 1 1
1621 7 1 3 5
1622 9 1 3 5
1623 2 1
1624 3 1 5
1625 4 1 5
1626 3 1
1627 8 1 5
1628 3 1 5
1629 4 1 5
1630 5 1 5
1631 2 1 5
1632 10 1 3
1633 3 1
1634 1 1
1635 1 1
1636 3 1 3
1637 25 1 3 5
1638 1 1
1639 2 1
1640 6 1 3 5
1641 5 1 5
1642 4 1 5
1643 1 1
1644 7 1 5
1645 38 1 3 5
1646 3 1 5
1647 1 1
1648 1 1
1649 2 1
1650 2 1
1651 1 1
1652 18 1 3 5
1653 5 1 5
1654 10 1 3 5
1655 8 1 3
1656 1 1
1657 12 1 3 5
1658 1 1
1659 1 1
1660 1 1
1661 3 1 3
1662 1 1
1663 1 1
1664 1 1
1665 1 1
1666 1 1
1667 1 1
1668 1 1
1669 2 1
1670 4 1 5
1671 2 1
1672 9 1 3 5
1673 12 1 3 5
1674 1 1
1675 9 1 3 5
1676 6 1 5
1677 3 1
1678 1 1
1679 1 1
1680 14 1 3 5
1681 6 1 5
1682 3 1 3 5
1683 1 1
1684 3 1
1685 2 1 5
1686 3 1
1687 1 1
1688 3 1 3
1689 1 1
1690 2 1 5
1691 7 1 3
1692 7 1 3 5
1693 1 1
1694 2 1 5
1695 23 1 3 5
1696 24 1 5
1697 6 1 3
1698 2 1 3
1699 3 1 5
1700 12 1 3 5
1701 1 1
1702 8 1 3 5
1703 7 1 3
1704 3 1
1705 7 1 3
1706 2 1
1707 1 1
1708 1 1
1709 1 1
1710 6 1 3 5
1711 1 1
1712 7 1 5
1713 1 1
1714 6 1 3 5
1715 7 1 3 5
1716 5 1 5
1717 4 1 5
1718 4 1
1719 5 1 3 5
1720 55 1 3 5
1721 1 1
1722 1 1
1723 16 1 5
1724 12 1 3 5
1725 1 1
1726 1 1
1727 2 1
1728 1 1
1729 18 1 3 5
1730 14 1 3 5
1731 6 1 3 5
1732 2 1 5
1733 7 1 5
1734 13 1 5
1735 18 1 5
1736 1 1
1737 16 1 3 5
1738 1 1
1739 12 1 3 5
1740 1 1
1741 5 1 3 5
1742 29 1 3 5
1743 2 1 5
1744 1 1
1745 3 1 3
1746 1 1
1747 10 1 3 5
1748 187 1 3 5
1749 9 1 3 5
1750 1 1
1751 1 1
1752 1 1
1753 6 1 3
1754 1 1
1755 1 1
1756 2 1 3
1757 1 1
1758 15 1 3 5
1759 1 1
1760 1 1
1761 1 1
1762 3 1 3
1763 1 1
1764 18 1 3 5
1765 5 1 5
1766 14 1
1767 1 1
1768 7 1 3 5
1769 3 1 5
1770 1 1
1771 3 1 3
1772 2 1
1773 1 1
1774 3 1 5
1775 7 1 3
1776 1 1
1777 1 1
1778 1 1
1779 1 1
1780 13 1 3
1781 2 1
1782 2 1
1783 1 1
1784 1 1
1785 3 1
1786 1 1
1787 1 1
1788 2 1
1789 2 1
1790 12 1 5
1791 1 1
1792 1 1
1793 2 1
1794 9 1 3 5
1795 1 1
1796 5 1
1797 1 1
1798 8 1 3
1799 1 1
1800 4 1 3 5
1801 1 1
1802 1 1
1803 6 1 3 5
1804 3 1 5
1805 1 1
1806 3 1
1807 10 1 3 5
1808 120 1 3 5
1809 1 1
1810 1 1
1811 8 1 5
1812 1 1
1813 4 1
1814 1 1
1815 2 1
1816 3 1 5
1817 3 1 3
1818 1 1
1819 1 1
1820 5 1
1821 57 1 3 5
1822 2 1 5
1823 2 1
1824 8 1 3 5
1825 1 1
1826 6 1 5
1827 1 1
1828 1 1
1829 1 1
1830 4 1 3 5
1831 1 1
1832 1 1
1833 5 1
1834 2 1 5
1835 1 1
1836 2 1 5
1837 2 1 5
1838 1 1
1839 11 1 3 5
1840 2 1 5
1841 1 1
1842 1 1
1843 1 1
1844 7 1 3 5
1845 2 1 5
1846 9 1 3 5
1847 1 1
1848 1 1
1849 1 1
1850 6 1 5
1851 1 1
1852 1 1
1853 2 1
1854 1 1
1855 17 1 3 5
1856 1 1
1857 5 1 5
1858 1 1
1859 2 1 3
1860 1 1
1861 1 1
1862 19 1 3 5
1863 3 1 3
1864 1 1
1865 4 1 3 5
1866 1 1
1867 6 1
1868 1 1
1869 1 1
1870 1 1
1871 1 1
1872 2 1
1873 11 1 5
1874 2 1 5
1875 5 1 5
1876 1 1
1877 1 1
1878 1 1
1879 1 1
1880 2 1 5
1881 1 1
1882 8 1
1883 1 1
1884 3 1 5
1885 4 1 5
1886 3 1 3
1887 3 1 3
1888 5 1 5
1889 2 1 5
1890 9 1 5
1891 13 1 3 5
1892 5 1 3 5
1893 1 1
1894 7 1 3
1895 1 1
1896 1 1
1897 6 1 3 5
1898 1 1
1899 12 1 3 5
1900 2 1 5
1901 1 1
1902 4 1
1903 11 1 3 5
1904 1 1
1905 1 1
1906 2 1
1907 44 1 3 5
1908 1 1
1909 12 1 5
1910 13 1 3 5
1911 49 1 3 5
1912 1 1
1913 1 1
1914 1 1
1915 1 1
1916 49 1 3 5
1917 6 1 3
1918 2 1 3
1919 9 1 3 5
1920 39 1 3 5
1921 6 1 5
1922 2 1 3
1923 30 1 3 5
1924 2 1
1925 6 1 5
1926 12 1 3 5
1927 13 1 5
1928 45 1 3 5
1929 4 1
1930 10 1 3 5
1931 1 1
1932 14 1 3 5
1933 1 1
1934 10 1 3
1935 3 1
1936 1 1
1937 4 1 5
1938 1 1
1939 2 1
1940 4 1 3 5
1941 1 1
1942 26 1 3 5
1943 6 1 3 5
1944 25 1 3
1945 22 1 3 5
1946 3 1 3
1947 3 1 5
1948 1 1
1949 1 1
1950 3 1 3
1951 6 1 3 5
1952 1 1
1953 1 1
1954 1 1
1955 2 1 5
1956 23 1 3 5
1957 33 1 3 5
1958 4 1 5
1959 1 1
1960 4 1 5
1961 5 1 5
1962 6 1 3 5
1963 4 1 3
1964 2 1
1965 42 1 3 5
1966 14 1 3 5
1967 10 1 3 5
1968 1 1
1969 2 1 5
1970 1 1
1971 9 1 3
1972 1 1
1973 1 1
1974 1 1
1975 5 1 3
1976 1 1
1977 21 1 3 5
1978 37 1 3 5
1979 2 1 3
1980 5 1 3
1981 1 1
1982 5 1 3 5
1983 7 1 5
1984 8 1 5
1985 9 1 3
1986 2 1 3
1987 1 1
1988 3 1 5
1989 1 1
1990 13 1
1991 1 1
1992 3 1 5
1993 1 1
1994 2 1
1995 1 1
1996 1 1
1997 1 1
1998 1 1
1999 6 1 5
2000 1 1
2001 5 1 3
2002 1 1
2003 7 1 3 5
2004 8 1 3
2005 2 1
2006 15 1 3 5
2007 5 1 3
2008 4 1 3 5
2009 3 1
2010 2 1 3
2011 1 1
2012 4 1 5
2013 4 1 5
2014 4 1 5
2015 6 1 3
2016 1 1
2017 4 1 3 5
2018 3 1 3
2019 8 1 5
2020 3 1
2021 6 1 3 5
2022 1 1
2023 3 1 3
2024 1 1
2025 1 1
2026 1 1
2027 8 1 3 5
2028 8 1 3 5
2029 5 1 5
2030 1 1
2031 1 1
2032 3 1 3
2033 1 1
2034 3 1
2035 1 1
2036 1 1
2037 1 1
2038 18 1 3 5
2039 12 1 3 5
2040 9 1 5
2041 2 1
2042 3 1 3
2043 1 1
2044 1 1
2045 4 1 3
2046 7 1 3 5
2047 1 1
2048 21 1 3 5
2049 1 1
2050 2 1
2051 6 1 3
2052 5 1 3
2053 4 1 3
2054 8 1 3 5
2055 5 1
2056 2 1 3
2057 1 1
2058 1 1
2059 6 1 5
2060 4 1 3
2061 1 1
2062 1 1
2063 1 1
2064 1 1
2065 1 1
2066 2 1 5
2067 1 1
2068 9 1 3
2069 1 1
2070 1 1
2071 1 1
2072 1 1
2073 1 1
2074 1 1
2075 4 1
2076 7 1 3
2077 9 1 5
2078 5 1 3
2079 2 1
2080 1 1
2081 22 1 3 5
2082 3 1 3
2083 6 1 3
2084 5 1
2085 3 1 3 5
2086 1 1
2087 27 1 3 5
2088 3 1 3
2089 1 1
2090 1 1
2091 1 1
2092 1 1
2093 2 1 3
2094 12 1 3
2095 4 1 3
2096 4 1 5
2097 1 1
2098 1 1
2099 1 1
2100 23 1 5
2101 30 1 3 5
2102 2 1 3
2103 20 1 3
2104 11 1 3 5
2105 1 1
2106 5 1 3 5
2107 1 1
2108 2 1 5
2109 8 1 3 5
2110 4 1 3
2111 1 1
2112 6 1 5
2113 2 1
2114 5 1 3 5
2115 1 1
2116 6 1 3 5
2117 4 1
2118 4 1
2119 1 1
2120 1 1
2121 1 1
2122 20 1 3 5
2123 1 1
2124 1 1
2125 16 1 3 5
2126 1 1
2127 1 1
2128 1 1
2129 2 1 5
2130 4 1 3 5
2131 17 1 3 5
2132 1 1
2133 1 1
2134 3 1 3
2135 8 1 3 5
2136 17 1 3 5
2137 2 1
2138 2 1 3
2139 16 1 3 5
2140 9 1 3 5
2141 12 1 3 5
2142 6 1 3 5
2143 3 1 3 5
2144 1 1
2145 1 1
2146 1 1
2147 2 1 5
2148 2 1 3
2149 2 1
2150 1 1
2151 3 1
2152 2 1 3
2153 1 1
2154 4 1 5
2155 26 1 3 5
2156 1 1
2157 1 1
2158 4 1 5
2159 1 1
2160 3 1 5
2161 6 1 3 5
2162 1 1
2163 7 1 3
2164 1 1
2165 2 1 5
2166 1 1
2167 2 1
2168 12 1 3 5
2169 35 1 3 5
2170 1 1
2171 2 1
2172 1 1
2173 1 1
2174 6 1 5
2175 27 1 3 5
2176 4 1 5
2177 8 1 3
2178 45 1
2179 2 1
2180 5 1 5
2181 2 1
2182 29 1
2183 7 1 3
2184 20 1 3 5
2185 1 1
2186 8 1 3
2187 3 1 3 5
2188 20 1 3 5
2189 1 1
2190 4 1 3
2191 1 1
2192 4 1 5
2193 1 1
2194 4 1 3 5
2195 4 1 5
2196 1 1
2197 4 1 3
2198 3 1 3
2199 2 1
2200 43 1 3 5
2201 20 1 5
2202 2 1
2203 1 1
2204 2 1
2205 3 1
2206 3 1 3
2207 6 1 3 5
2208 3 1
2209 1 1
2210 1 1
2211 2 1 3
2212 1 1
2213 4 1
2214 4 1 5
2215 1 1
2216 1 1
2217 2 1
2218 1 1
2219 2 1 5
2220 8 1 3 5
2221 5 1 5
2222 1 1
2223 1 1
2224 2 1 5
2225 1 1
2226 19 1 3 5
2227 3 1
2228 6 1 5
2229 1 1
2230 50 1 3 5
2231 3 1 5
2232 2 1 5
2233 1 1
2234 2 1 5
2235 2 1
2236 19 1 3 5
2237 1 1
2238 1 1
2239 2 1
2240 2 1 5
2241 6 1 3
2242 1 1
2243 6 1 3
2244 6 1 3
2245 19 1 3 5
2246 1 1
2247 6 1 5
2248 52 1 3 5
2249 1 1
2250 3 1 3 5
2251 1 1
2252 1 1
2253 4 1 3
2254 3 1 5
2255 1 1
2256 1 1
2257 6 1 3 5
2258 3 1 5
2259 3 1
2260 58 1 3 5
2261 1 1
2262 2 1 5
2263 1 1
2264 4 1 3 5
2265 1 1
2266 4 1
2267 3 1
2268 1 1
2269 2 1
2270 24 1 3 5
2271 1 1
2272 7 1 3
2273 1 1
2274 4 1 3
2275 1 1
2276 3 1 5
2277 1 1
2278 50 1 3 5
2279 1 1
2280 3 1
2281 6 1 3 5
2282 10 1 3 5
2283 1 1
2284 1 1
2285 6 1 5
2286 1 1
2287 2 1 3
2288 2 1 5
2289 5 1 5
2290 57 1 3
2291 11 1 3 5
2292 1 1
2293 1 1
2294 46 1 3 5
2295 2 1
2296 24 1 3 5
2297 1 1
2298 5 1 3 5
2299 1 1
2300 1 1
2301 2 1 3
2302 16 1 3
2303 1 1
2304 10 1 5
2305 7 1 3 5
2306 1 1
2307 1 1
2308 1 1
2309 1 1
2310 2 1 3
2311 3 1
2312 7 1 3 5
2313 4 1 3 5
2314 2 1 3
2315 7 1 3 5
2316 2 1 3
2317 12 1 3 5
2318 12 1 3 5
2319 2 1
2320 4 1 3 5
2321 27 1 3 5
2322 6 1
2323 6 1 5
2324 3 1
2325 1 1
2326 2 1
2327 1 1
2328 2 1
2329 3 1 3 5
2330 10 1 3 5
2331 16 1 3 5
2332 1 1
2333 2 1
2334 2 1 5
2335 16 1 3 5
2336 2 1
2337 2 1
2338 14 1 3 5
2339 2 1 5
2340 2 1 3
2341 1 1
2342 2 1 5
2343 1 1
2344 1 1
2345 3 1 3
2346 1 1
2347 1 1
2348 3 1
2349 2 1 3
2350 1 1
2351 13 1 3 5
2352 1 1
2353 2 1
2354 5 1 3 5
2355 1 1
2356 1 1
2357 1 1
2358 1 1
2359 1 1
2360 1 1
2361 1 1
2362 5 1
2363 1 1
2364 4 1 5
2365 4 1 3
2366 2 1
2367 1 1
2368 1 1
2369 3 1
2370 1 1
2371 1 1
2372 25 1 3 5
2373 18 1 3
2374 24 1 3 5
2375 4 1 3
2376 31 1 3 5
2377 33 1 3 5
2378 6 1 3 5
2379 4 1 3
2380 97 1 3
2381 14 1 3
2382 1 1
2383 3 1 3
2384 3 1 3
2385 1 1
2386 3 1 3 5
2387 2 1 5
2388 2 1
2389 1 1
2390 5 1 3
2391 15 1 5
2392 2 1
2393 2 1
2394 3 1 3 5
2395 3 1
2396 2 1 5
2397 1 1
2398 1 1
2399 4 1 3
2400 9 1 3
2401 18 1 3 5
2402 11 1 3 5
2403 1 1
2404 2 1 3
2405 2 1 5
2406 5 1 3
2407 11 1 3 5
2408 11 1 3 5
2409 24 1 3 5
2410 3 1 5
2411 7 1 3
2412 2 1
2413 7 1 3
2414 1 1
2415 1 1
2416 2 1 3
2417 1 1
2418 8 1 3
2419 2 1 3
2420 4 1 3 5
2421 2 1 3
2422 2 1 3
2423 4 1 5
2424 1 1
2425 2 1 3
2426 7 1 3 5
2427 3 1
2428 3 1
2429 1 1
2430 6 1 3
2431 1 1
2432 2 1
2433 2 1
2434 1 1
2435 1 1
2436 1 1
2437 1 1
2438 7 1 3 5
2439 2 1 5
2440 1 1
2441 2 1 5
2442 1 1
2443 1 1
2444 5 1 3 5
2445 2 1 5
2446 2 1 5
2447 1 1
2448 27 1 3 5
2449 1 1
2450 2 1 3
2451 4 1 3
2452 1 1
2453 7 1 3 5
2454 1 1
2455 3 1 3
2456 1 1
2457 1 1
2458 2 1
2459 7 1 3 5
2460 1 1
2461 2 1
2462 2 1 5
2463 2 1 3
2464 1 1
2465 4 1 3
2466 8 1 3 5
2467 17 1 3 5
2468 1 1
2469 1 1
2470 3 1 5
2471 5 1 5
2472 1 1
2473 1 1
2474 3 1 5
2475 1 1
2476 1 1
2477 1 1
2478 1 1
2479 36 1
2480 4 1 5
2481 2 1 3
2482 1 1
2483 2 1
2484 2 1 3
2485 2 1 5
2486 11 1 5
2487 1 1
2488 3 1 3
2489 4 1 3 5
2490 3 1 3
2491 4 1 3
2492 1 1
2493 1 1
2494 1 1
2495 3 1 5
2496 2 1 3
2497 2 1 5
2498 2 1
2499 5 1 3
2500 1 1
2501 1 1
2502 42 1 3 5
2503 1 1
2504 2 1 5
2505 1 1
2506 1 1
2507 9 1 3
2508 3 1
2509 11 1 3 5
2510 1 1
2511 5 1 3 5
2512 5 1 3
2513 1 1
2514 18 1 5
2515 1 1
2516 3 1 3
2517 13 1 3 5
2518 7 1 3
2519 26 1 3 5
2520 1 1
2521 3 1 3
2522 3 1 5
2523 6 1 3
2524 3 1
2525 1 1
2526 1 1
2527 4 1
2528 11 1 3 5
2529 1 1
2530 5 1
2531 1 1
2532 9 1 3
2533 1 1
2534 7 1 3 5
2535 106 1 3 5
2536 16 1 3 5
2537 2 1 3
2538 2 1 5
2539 10 1 3 5
2540 7 1 3 5
2541 2 1
2542 1 1
2543 3 1
2544 3 1 3
2545 4 1 3 5
2546 2 1
2547 1 1
2548 3 1
2549 2 1
2550 1 1
2551 13 1 3 5
2552 3 1 3
2553 3 1 3 5
2554 1 1
2555 12 1 3 5
2556 1 1
2557 1 1
2558 1 1
2559 1 1
2560 1 1
2561 1 1
2562 1 1
2563 12 1 5
2564 1 1
2565 1 1
2566 1 1
2567 15 1 3 5
2568 2 1
2569 1 1
2570 10 1 3 5
2571 1 1
2572 3 1
2573 4 1 3 5
2574 2 1
2575 11 1 3 5
2576 2 1
2577 2 1
2578 1 1
2579 1 1
2580 1 1
2581 1 1
2582 1 1
2583 1 1
2584 1 1
2585 1 1
2586 1 1
2587 14 1 3 5
2588 1 1
2589 3 1
2590 4 1 3
2591 1 1
2592 6 1 5
2593 21 1 3 5
2594 5 1 3
2595 1 1
2596 6 1 3
2597 1 1
2598 1 1
2599 16 1 3 5
2600 15 1 3 5
2601 8 1 3 5
2602 1 1
2603 3 1 5
2604 1 1
2605 1 1
2606 1 1
2607 1 1
2608 4 1 3 5
2609 1 1
2610 4 1 3 5
2611 5 1
2612 1 1
2613 44 1 3 5
2614 11 1 3
2615 5 1 3 5
2616 3 1 3
2617 1 1
2618 2 1
2619 2 1 3
2620 1 1
2621 3 1
2622 6 1 3 5
2623 1 1
2624 1 1
2625 5 1 5
2626 10 1 3 5
2627 1 1
2628 5 1 3
2629 1 1
2630 1 1
2631 2 1
2632 1 1
2633 4 1 3
2634 5 1 3 5
2635 5 1
2636 1 1
2637 6 1 5
2638 1 1
2639 8 1 3
2640 11 1 5
2641 1 1
2642 1 1
2643 9 1 3 5
2644 11 1 3 5
2645 2 1
2646 10 1
2647 1 1
2648 6 1 3 5
2649 1 1
2650 1 1
2651 1 1
2652 3 1
2653 1 1
2654 2 1
2655 1 1
2656 1 1
2657 3 1 5
2658 1 1
2659 1 1
2660 1 1
2661 1 1
2662 2 1 3
2663 1 1
2664 1 1
2665 1 1
2666 1 1
2667 1 1
2668 1 1
2669 4 1
2670 3 1 5
2671 4 1 5
2672 1 1
2673 9 1 3 5
2674 2 1
2675 13 1 3 5
2676 3 1
2677 4 1 3
2678 1 1
2679 2 1
2680 2 1
2681 1 1
2682 1 1
2683 1 1
2684 1 1
2685 10 1 3 5
2686 1 1
2687 1 1
2688 1 1
2689 2 1
2690 1 1
2691 2 1
2692 14 1 3 5
2693 11 1 3 5
2694 2 1
2695 1 1
2696 2 1 3
2697 3 1 3
2698 1 1
2699 2 1 3
2700 1 1
2701 14 1 3 5
2702 4 1 5
2703 4 1 5
2704 1 1
2705 7 1 5
2706 3 1 5
2707 7 1 3 5
2708 1 1
2709 1 1
2710 13 1 3 5
2711 4 1 3 5
2712 2 1 5
2713 2 1
2714 8 1 3
2715 1 1
2716 3 1 5
2717 3 1 5
2718 1 1
2719 1 1
2720 1 1
2721 29 1 3 5
2722 2 1 5
2723 1 1
2724 9 1 3
2725 1 1
2726 6 1 3 5
2727 1 1
2728 1 1
2729 2 1
2730 1 1
2731 4 1 3
2732 6 1 3
2733 1 1
2734 9 1 3 5
2735 1 1
2736 1 1
2737 2 1
2738 1 1
2739 9 1 5
2740 4 1
2741 3 1
2742 15 1 3 5
2743 2 1 5
2744 1 1
2745 1 1
2746 1 1
2747 1 1
2748 2 1
2749 1 1
2750 1 1
2751 1 1
2752 1 1
2753 2 1 3
2754 3 1 3
2755 8 1 3
2756 2 1
2757 1 1
2758 6 1 5
2759 2 1
2760 5 1 3 5
2761 1 1
2762 3 1
2763 1 1
2764 7 1 5
2765 1 1
2766 3 1 3
2767 1 1
2768 34 1 3 5
2769 2 1
2770 1 1
2771 1 1
2772 2 1
2773 7 1 3 5
2774 1 1
2775 4 1 5
2776 1 1
2777 1 1
2778 2 1
2779 1 1
2780 4 1
2781 3 1
2782 4 1 5
2783 8 1 3 5
2784 1 1
2785 1 1
2786 2 1
2787 13 1 5
2788 5 1 5
2789 1 1
2790 4 1 3
2791 8 1 3
2792 1 1
2793 2 1
2794 1 1
2795 7 1 3
2796 1 1
2797 1 1
2798 8 1 5
2799 1 1
2800 14 1 3 5
2801 3 1 3 5
2802 5 1 3
2803 1 1
2804 2 1
2805 8 1 3 5
2806 1 1
2807 1 1
2808 1 1
2809 1 1
2810 1 1
2811 1 1
2812 2 1
2813 3 1 5
2814 7 1 3 5
2815 4 1 3
2816 5 1 5
2817 12 1 3
2818 2 1
2819 1 1
2820 10 1 3
2821 27 1 3 5
2822 15 1 5
2823 2 1
2824 1 1
2825 4 1 3
2826 1 1
2827 1 1
2828 1 1
2829 2 1 3
2830 1 1
2831 9 1 5
2832 1 1
2833 1 1
2834 4 1 3 5
2835 1 1
2836 1 1
2837 1 1
2838 1 1
2839 1 1
2840 1 1
2841 1 1
2842 1 1
2843 1 1
2844 2 1
2845 1 1
2846 3 1 5
2847 7 1 5
2848 16 1 3 5
2849 1 1
2850 1 1
2851 2 1 5
2852 3 1
2853 2 1 3
2854 24 1 3 5
2855 1 1
2856 16 1 5
2857 1 1
2858 8 1 3
2859 5 1 5
2860 1 1
2861 1 1
2862 1 1
2863 1 1
2864 10 1 5
2865 2 1 3
2866 1 1
2867 1 1
2868 1 1
2869 7 1 3
2870 1 1
2871 3 1 3 5
2872 1 1
2873 4 1 3
2874 1 1
2875 1 1
2876 3 1 5
2877 1 1
2878 6 1 3
2879 1 1
2880 7 1 3 5
2881 1 1
2882 5 1 3
2883 3 1 3
2884 5 1 3 5
2885 1 1
2886 2 1 3
2887 1 1
2888 6 1 5
2889 4 1 5
2890 4 1 3
2891 1 1
2892 4 1 5
2893 3 1
2894 20 1 3 5
2895 1 1
2896 1 1
2897 3 1 5
2898 3 1 5
2899 2 1 3
2900 7 1 3 5
2901 1 1
2902 2 1 3
2903 1 1
2904 1 1
2905 1 1
2906 7 1 3 5
2907 1 1
2908 1 1
2909 2 1 3
2910 2 1 5
2911 8 1 5
2912 5 1 3
2913 3 1 3 5
2914 7 1 5
2915 2 1 3
2916 7 1 3 5
2917 1 1
2918 1 1
2919 1 1
2920 1 1
2921 5 1 5
2922 1 1
2923 1 1
2924 1 1
2925 4 1 3 5
2926 1 1
2927 2 1 5
2928 5 1 3
2929 1 1
2930 2 1
2931 1 1
2932 1 1
2933 12 1 3 5
2934 1 1
2935 1 1
2936 1 1
2937 3 1 3
2938 2 1
2939 1 1
2940 10 1 3 5
2941 2 1
2942 6 1 5
2943 3 1 3
2944 2 1 3
2945 3 1 3 5
2946 1 1
2947 1 1
2948 1 1
2949 3 1 5
2950 1 1
2951 2 1 5
2952 1 1
2953 2 1
2954 1 1
2955 1 1
2956 1 1
2957 1 1
2958 1 1
2959 1 1
2960 1 1
2961 3 1 5
2962 2 1
2963 23 1 3 5
2964 1 1
2965 2 1 5
2966 1 1
2967 3 1 5
2968 1 1
2969 1 1
2970 3 1 3
2971 2 1
2972 1 1
2973 2 1
2974 1 1
2975 1 1
2976 1 1
2977 4 1 3
2978 1 1
2979 1 1
2980 3 1 3
2981 3 1 3 5
2982 1 1
2983 1 1
2984 1 1
2985 1 1
2986 3 1 5
2987 1 1
2988 5 1
2989 1 1
2990 1 1
2991 1 1
2992 1 1
2993 2 1
2994 1 1
2995 10 1 3 5
2996 1 1
2997 1 1
2998 3 1 5
2999 15 1 3 5
3000 1 1
3001 9 1 5
3002 1 1
3003 7 1 3 5
3004 5 1 3 5
3005 1 1
3006 4 1 5
3007 4 1 5
3008 20 1 3 5
3009 7 1 3 5
3010 5 1 5
3011 3 1 5
3012 1 1
3013 1 1
3014 1 1
3015 1 1
3016 1 1
3017 1 1
3018 1 1
3019 2 1 5
3020 2 1
3021 1 1
3022 9 1 3 5
3023 1 1
3024 1 1
3025 1 1
3026 68 1 3 5
3027 1 1
3028 7 1 3
3029 3 1 5
3030 4 1 3
3031 6 1 3
3032 1 1
3033 9 1 3 5
3034 3 1
3035 1 1
3036 2 1
3037 9 1 3
3038 2 1
3039 4 1 5
3040 1 1
3041 1 1
3042 2 1 5
3043 1 1
3044 2 1 3
3045 1 1
3046 25 1 3 5
3047 3 1 5
3048 3 1 3
3049 3 1
3050 6 1 3 5
3051 1 1
3052 4 1 3
3053 2 1
3054 3 1 3
3055 2 1
3056 1 1
3057 1 1
3058 1 1
3059 2 1
3060 1 1
3061 7 1 3 5
3062 21 1 3 5
3063 1 1
3064 4 1
3065 1 1
3066 1 1
3067 1 1
3068 5 1 3 5
3069 1 1
3070 4 1 5
3071 1 1
3072 1 1
3073 2 1 5
3074 3 1 5
3075 1 1
3076 1 1
3077 1 1
3078 1 1
3079 7 1 3
3080 1 1
3081 1 1
3082 6 1 5
3083 1 1
3084 1 1
3085 3 1 5
3086 1 1
3087 21 1 3 5
3088 1 1
3089 1 1
3090 1 1
3091 1 1
3092 1 1
3093 5 1 5
3094 2 1 5
3095 5 1 3
3096 1 1
3097 2 1
3098 16 1 3 5
3099 3 1 3
3100 2 1 3
3101 1 1
3102 2 1
3103 1 1
3104 1 1
3105 3 1 3
3106 1 1
3107 1 1
3108 4 1 5
3109 1 1
3110 1 1
3111 1 1
3112 5 1
3113 1 1
3114 2 1 3
3115 1 1
3116 1 1
3117 2 1 3
3118 1 1
3119 1 1
3120 1 1
3121 2 1 3
3122 1 1
3123 2 1 3
3124 4 1
3125 4 1 5
3126 2 1 3
3127 4 1 3
3128 2 1 3
3129 2 1 5
3130 1 1
3131 22 1 3 5
3132 1 1
3133 82 1 3 5
3134 9 1 5
3135 2 1 3
3136 1 1
3137 1 1
3138 3 1 5
3139 2 1 5
3140 10 1 3 5
3141 1 1
3142 1 1
3143 2 1 5
3144 2 1 5
3145 2 1 3
3146 1 1
3147 1 1
3148 6 1 3
3149 1 1
3150 2 1 3
3151 3 1
3152 1 1
3153 1 1
3154 2 1
3155 3 1 5
3156 1 1
3157 5 1 3 5
3158 6 1 3
3159 2 1 3
3160 9 1 3 5
3161 1 1
3162 6 1 5
3163 1 1
3164 1 1
3165 1 1
3166 5 1 5
3167 1 1
3168 1 1
3169 1 1
3170 1 1
3171 1 1
3172 1 1
3173 9 1 3 5
3174 4 1 3 5
3175 1 1
3176 1 1
3177 1 1
3178 6 1
3179 1 1
3180 4 1 5
3181 1 1
3182 2 1 5
3183 12 1 3 5
3184 1 1
3185 1 1
3186 2 1 3
3187 3 1 5
3188 2 1
3189 7 1 5
3190 1 1
3191 1 1
3192 4 1 3
3193 13 1 3 5
3194 3 1 3
3195 1 1
3196 9 1 3 5
3197 2 1 5
3198 2 1 3
3199 5 1 3
3200 1 1
3201 4 1 3
3202 14 1 3 5
3203 10 1 3 5
3204 1 1
3205 3 1 3
3206 2 1 5
3207 2 1
3208 13 1 3
3209 14 1 3
3210 1 1
3211 17 1 3 5
3212 6 1 3
3213 1 1
3214 2 1
3215 18 1 3 5
3216 1 1
3217 1 1
3218 1 1
3219 1 1
3220 3 1 5
3221 1 1
3222 1 1
3223 9 1 3 5
3224 3 1 5
3225 2 1 5
3226 5 1 3 5
3227 35 1 3 5
3228 15 1 3
3229 5 1 3
3230 2 1
3231 8 1 3 5
3232 3 1 5
3233 2 1
3234 2 1
3235 1 1
3236 13 1 3
3237 1 1
3238 1 1
3239 1 1
3240 1 1
3241 1 1
3242 7 1 3 5
3243 2 1
3244 4 1
3245 3 1
3246 4 1 5
3247 1 1
3248 4 1 3
3249 1 1
3250 3 1 5
3251 1 1
3252 1 1
3253 1 1
3254 2 1 5
3255 6 1 3 5
3256 2 1 5
3257 1 1
3258 3 1 5
3259 1 1
3260 1 1
3261 8 1 3 5
3262 1 1
3263 1 1
3264 1 1
3265 1 1
3266 1 1
3267 1 1
3268 1 1
3269 1 1
3270 2 1
3271 1 1
3272 1 1
3273 1 1
3274 4 1 3
3275 3 1 3
3276 8 1 3 5
3277 1 1
3278 1 1
3279 1 1
3280 13 1 3 5
3281 7 1 3
3282 2 1 3
3283 3 1
3284 10 1 3 5
3285 2 1
3286 1 1
3287 1 1
3288 1 1
3289 1 1
3290 1 1
3291 4 1 3 5
3292 36 1 3 5
3293 1 1
3294 1 1
3295 1 1
3296 3 1 3 5
3297 1 1
3298 6 1 3 5
3299 2 1 5
3300 1 1
3301 3 1 5
3302 1 1
3303 1 1
3304 3 1 5
3305 4 1 3
3306 3 1 3
3307 1 1
3308 7 1 3 5
3309 37 1 3 5
3310 11 1 3 5
3311 2 1
3312 1 1
3313 1 1
3314 10 1 3 5
3315 2 1 5
3316 4 1 3 5
3317 1 1
3318 1 1
3319 6 1 3
3320 4 1 5
3321 4 1 5
3322 1 1
3323 2 1 3
3324 1 1
3325 13 1 5
3326 1 1
3327 9 1 5
3328 2 1 5
3329 32 1 3 5
3330 4 1 5
3331 5 1 3 5
3332 1 1
3333 4 1 3
3334 4 1 5
3335 1 1
3336 1 1
3337 1 1
3338 1 1
3339 1 1
3340 2 1
3341 2 1 3
3342 1 1
3343 1 1
3344 1 1
3345 1 1
3346 1 1
3347 2 1
3348 2 1 3
3349 1 1
3350 1 1
3351 1 1
3352 2 1
3353 3 1 3
3354 1 1
3355 10 1 3 5
3356 3 1
3357 1 1
3358 1 1
3359 1 1
3360 1 1
3361 1 1
3362 1 1
3363 1 1
3364 1 1
3365 1 1
3366 8 1 3 5
3367 1 1
3368 5 1 5
3369 5 1 5
3370 3 1 5
3371 1 1
3372 3 1 5
3373 2 1 5
3374 6 1 3 5
3375 3 1 3
3376 2 1 5
3377 12 1 3
3378 1 1
3379 2 1
3380 5 1 3 5
3381 7 1 3
3382 1 1
3383 9 1 3
3384 3 1 3
3385 4 1 3
3386 1 1
3387 4 1 3
3388 1 1
3389 4 1
3390 1 1
3391 1 1
3392 1 1
3393 1 1
3394 4 1 3
3395 4 1 3
3396 3 1 3
3397 1 1
3398 1 1
3399 1 1
3400 6 1 3
3401 1 1
3402 3 1 3
3403 1 1
3404 1 1
3405 1 1
3406 2 1
3407 1 1
3408 1 1
3409 1 1
3410 1 1
3411 4 1 3
3412 2 1 5
3413 1 1
3414 3 1
3415 1 1
3416 1 1
3417 3 1 3 5
3418 2 1 5
3419 2 1
3420 2 1
3421 2 1
3422 3 1 3
3423 1 1
3424 3 1 3
3425 7 1 3 5
3426 3 1 5
3427 1 1
3428 6 1 5
3429 1 1
3430 6 1 3 5
3431 1 1
3432 1 1
3433 4 1 3
3434 1 1
3435 1 1
3436 7 1 3 5
3437 2 1 3
3438 27 1 3
3439 4 1 5
3440 1 1
3441 3 1 3 5
3442 1 1
3443 1 1
3444 3 1 3 5
3445 1 1
3446 9 1 3 5
3447 7 1 3 5
3448 2 1 5
3449 1 1
3450 2 1 3
3451 1 1
3452 3 1 3
3453 1 1
3454 3 1 5
3455 3 1
3456 7 1 3 5
3457 2 1 3
3458 2 1 3
3459 2 1 5
3460 3 1 3
3461 4 1 3 5
3462 1 1
3463 5 1 5
3464 4 1 3
3465 5 1 3 5
3466 2 1
3467 2 1
3468 1 1
3469 2 1
3470 4 1
3471 9 1 3
3472 1 1
3473 1 1
3474 2 1 3
3475 3 1 5
3476 2 1
3477 1 1
3478 1 1
3479 2 1 5
3480 3 1 3
3481 2 1
3482 1 1
3483 1 1
3484 1 1
3485 2 1 3
3486 11 1 3 5
3487 1 1
3488 5 1 3 5
3489 1 1
3490 2 1 5
3491 1 1
3492 3 1 5
3493 1 1
3494 1 1
3495 1 1
3496 5 1 3 5
3497 3 1 3
3498 4 1 3 5
3499 1 1
3500 1 1
3501 2 1
3502 1 1
3503 9 1 3 5
3504 1 1
3505 2 1 5
3506 1 1
3507 3 1 5
3508 3 1 3 5
3509 2 1 5
3510 1 1
3511 1 1
3512 12 1 3
3513 1 1
3514 1 1
3515 1 1
3516 1 1
3517 3 1 3
3518 1 1
3519 3 1 5
3520 1 1
3521 1 1
3522 2 1 3
3523 1 1
3524 1 1
3525 1 1
3526 2 1
3527 3 1 3 5
3528 1 1
3529 1 1
3530 3 1 5
3531 12 1 3 5
3532 6 1 3 5
3533 1 1
3534 1 1
3535 1 1
3536 4 1 3 5
3537 4 1
3538 4 1 3 5
3539 1 1
3540 4 1 5
3541 1 1
3542 1 1
3543 4 1 5
3544 8 1 3 5
3545 6 1 3 5
3546 2 1 5
3547 3 1 3
3548 2 1 5
3549 1 1
3550 2 1 5
3551 1 1
3552 2 1 3
3553 6 1 3 5
3554 1 1
3555 2 1
3556 1 1
3557 11 1 3 5
3558 3 1 3
3559 2 1 3
3560 1 1
3561 3 1
3562 1 1
3563 1 1
3564 1 1
3565 1 1
3566 2 1 3
3567 2 1 5
3568 1 1
3569 1 1
3570 1 1
3571 3 1
3572 1 1
3573 4 1 3
3574 3 1 3 5
3575 1 1
3576 1 1
3577 1 1
3578 2 1 3
3579 4 1 3
3580 2 1 3
3581 1 1
3582 1 1
3583 6 1 3
3584 1 1
3585 5 1 5
3586 8 1 3 5
3587 2 1
3588 1 1
3589 5 1 3
3590 2 1 3
3591 1 1
3592 1 1
3593 2 1
3594 1 1
3595 1 1
3596 1 1
3597 1 1
3598 1 1
3599 3 1 3 5
3600 1 1
3601 4 1 3
3602 1 1
3603 9 1 3
3604 4 1 5
3605 1 1
3606 4 1 5
3607 1 1
3608 1 1
3609 6 1 3 5
3610 1 1
3611 2 1 3
3612 1 1
3613 1 1
3614 2 1 3
3615 1 1
3616 2 1
3617 4 1 3
3618 1 1
3619 2 1
3620 1 1
3621 10 1 3 5
3622 2 1 5
3623 1 1
3624 2 1 5
3625 1 1
3626 2 1 3
3627 1 1
3628 1 1
3629 2 1 3
3630 1 1
3631 1 1
3632 4 1 3
3633 1 1
3634 1 1
3635 1 1
3636 1 1
3637 1 1
3638 1 1
3639 1 1
3640 1 1
3641 1 1
3642 3 1 3
3643 10 1 3
3644 1 1
3645 2 1 5
3646 1 1
3647 1 1
3648 2 1 5
3649 1 1
3650 1 1
3651 3 1
3652 4 1 5
3653 1 1
3654 1 1
3655 6 1 5
3656 1 1
3657 1 1
3658 4 1 5
3659 5 1 3 5
3660 2 1 5
3661 11 1 3 5
3662 1 1
3663 1 1
3664 1 1
3665 1 1
3666 1 1
3667 8 1 3
3668 12 1 5
3669 1 1
3670 1 1
3671 22 1 3 5
3672 1 1
3673 2 1 5
3674 1 1
3675 1 1
3676 1 1
3677 3 1 5
3678 1 1
3679 2 1 5
3680 2 1 5
3681 1 1
3682 6 1 3 5
3683 1 1
3684 1 1
3685 1 1
3686 2 1 3
3687 1 1
3688 1 1
3689 1 1
3690 1 1
3691 3 1 3
3692 2 1 5
3693 4 1 3
3694 1 1
3695 3 1 5
3696 3 1
3697 1 1
3698 7 1 3 5
3699 1 1
3700 5 1 3 5
3701 6 1 3 5
3702 5 1 3
3703 1 1
3704 2 1 3
3705 1 1
3706 1 1
3707 2 1 5
3708 1 1
3709 8 1 3
3710 1 1
3711 1 1
3712 1 1
3713 7 1 3
3714 1 1
3715 2 1 5
3716 1 1
3717 1 1
3718 3 1 3
3719 2 1 5
3720 2 1 3
3721 1 1
3722 3 1 5
3723 1 1
3724 2 1 3
3725 1 1
3726 1 1
3727 1 1
3728 1 1
3729 2 1
3730 5 1 3
3731 2 1 5
3732 1 1
3733 1 1
3734 2 1 3
3735 1 1
3736 1 1
3737 3 1 5
3738 1 1
3739 1 1
3740 1 1
3741 3 1 3 5
3742 1 1
3743 1 1
3744 1 1
3745 2 1
3746 2 1 5
3747 1 1
3748 3 1 3
3749 1 1
3750 1 1
3751 1 1
3752 4 1 3
3753 1 1
3754 2 1
3755 1 1
3756 1 1
3757 1 1
3758 1 1
3759 1 1
3760 2 1 5
3761 1 1
3762 1 1
3763 38 1 5
3764 1 1
3765 10 1 3 5
3766 1 1
3767 3 1 3
3768 1 1
3769 1 1
3770 2 1
3771 26 1 3 5
3772 1 1
3773 30 1 3 5
3774 1 1
3775 1 1
3776 1 1
3777 2 1
3778 2 1 5
3779 1 1
3780 6 1 3 5
3781 2 1
3782 1 1
3783 1 1
3784 1 1
3785 1 1
3786 1 1
3787 1 1
3788 2 1
3789 1 1
3790 1 1
3791 1 1
3792 1 1
3793 4 1 3
3794 6 1 3 5
3795 12 1 3
3796 5 1 3 5
3797 2 1
3798 1 1
3799 3 1 3 5
3800 6 1 5
3801 3 1 3
3802 1 1
3803 2 1 5
3804 1 1
3805 1 1
3806 1 1
3807 2 1
3808 1 1
3809 4 1 3 5
3810 1 1
3811 1 1
3812 5 1 3
3813 1 1
3814 1 1
3815 1 1
3816 1 1
3817 2 1
3818 1 1
3819 3 1 5
3820 1 1
3821 1 1
3822 5 1 3 5
3823 1 1
3824 1 1
3825 1 1
3826 4 1 5
3827 1 1
3828 2 1 5
3829 1 1
3830 7 1 3
3831 4 1 5
3832 1 1
3833 1 1
3834 1 1
3835 2 1 5
3836 1 1
3837 5 1 3 5
3838 1 1
3839 15 1 3
3840 2 1 3
3841 1 1
3842 2 1 5
3843 4 1 3 5
3844 41 1 3 5
3845 2 1 3
3846 4 1 3 5
3847 1 1
3848 2 1
3849 1 1
3850 1 1
3851 5 1 3 5
3852 1 1
3853 6 1 3
3854 5 1 3 5
3855 10 1 3
3856 1 1
3857 2 1 5
3858 2 1 5
3859 6 1 5
3860 2 1 5
3861 1 1
3862 7 1 3 5
3863 8 1 3 5
3864 3 1
3865 1 1
3866 1 1
3867 1 1
3868 6 1 3
3869 1 1
3870 1 1
3871 4 1 3
3872 1 1
3873 2 1 3
3874 1 1
3875 1 1
3876 1 1
3877 1 1
3878 1 1
3879 1 1
3880 1 1
3881 2 1 3
3882 3 1 3
3883 3 1 5
3884 1 1
3885 1 1
3886 1 1
3887 3 1 3
3888 4 1 5
3889 2 1 5
3890 2 1 3
3891 1 1
3892 15 1 3 5
3893 3 1 3
3894 6 1 5
3895 2 1 3
3896 1 1
3897 1 1
3898 9 1 3 5
3899 1 1
3900 15 1 3
3901 1 1
3902 4 1 5
3903 1 1
3904 1 1
3905 1 1
3906 1 1
3907 1 1
3908 1 1
3909 3 1 3
3910 2 1 5
3911 3 1 5
3912 4 1 5
3913 1 1
3914 1 1
3915 1 1
3916 4 1 5
3917 1 1
3918 1 1
3919 3 1 5
3920 2 1 3
3921 1 1
3922 1 1
3923 2 1 3
3924 2 1
3925 1 1
3926 7 1
3927 10 1 3 5
3928 2 1
3929 3 1
3930 3 1 3 5
3931 1 1
3932 2 1
3933 3 1 5
3934 4 1 5
3935 1 1
3936 1 1
3937 3 1 5
3938 1 1
3939 1 1
3940 2 1 5
3941 3 1 3
3942 1 1
3943 1 1
3944 16 1 3 5
3945 39 1 3 5
3946 1 1
3947 1 1
3948 1 1
3949 1 1
3950 1 1
3951 1 1
3952 1 1
3953 2 1 3
3954 2 1 3
3955 5 1 3 5
3956 1 1
3957 1 1
3958 1 1
3959 4 1 3
3960 9 1 3 5
3961 3 1 5
3962 9 1 3 5
3963 10 1 5
3964 2 1 3
3965 1 1
3966 1 1
3967 2 1 3
3968 1 1
3969 3 1 3 5
3970 2 1 5
3971 1 1
3972 7 1 3 5
3973 4 1 3
3974 13 1 3
3975 15 1 3 5
3976 4 1 5
3977 1 1
3978 2 1
3979 2 1
3980 1 1
3981 1 1
3982 2 1 3
3983 2 1 5
3984 5 1 5
3985 1 1
3986 3 1 5
3987 1 1
3988 1 1
3989 1 1
3990 2 1
3991 2 1
3992 1 1
3993 1 1
3994 1 1
3995 1 1
3996 1 1
3997 1 1
3998 1 1
3999 1 1
4000 1 1
4001 2 1
4002 1 1
4003 1 1
4004 1 1
4005 1 1
4006 2 1 5
4007 21 1 5
4008 2 1
4009 1 1
4010 2 1 5
4011 1 1
4012 1 1
4013 10 1 3 5
4014 1 1
4015 2 1 3
4016 6 1 3
4017 2 1 5
4018 2 1
4019 1 1
4020 16 1 3
4021 1 1
4022 1 1
4023 1 1
4024 12 1 3 5
4025 1 1
4026 3 1 3
4027 41 1 3
4028 1 1
4029 1 1
4030 1 1
4031 1 1
4032 7 1 3
4033 1 1
4034 3 1 3
4035 1 1
4036 2 1 5
4037 2 1 5
4038 2 1 3
4039 3 1 3
4040 1 1
4041 3 1 5
4042 1 1
4043 2 1 5
4044 1 1
4045 11 1 3 5
4046 1 1
4047 2 1 5
4048 1 1
4049 1 1
4050 1 1
4051 1 1
4052 2 1 5
4053 2 1 3
4054 11 1 3 5
4055 1 1
4056 1 1
4057 3 1 5
4058 1 1
4059 2 1 5
4060 1 1
4061 1 1
4062 1 1
4063 1 1
4064 4 1 3 5
4065 1 1
4066 1 1
4067 4 1
4068 1 1
4069 1 1
4070 2 1 5
4071 1 1
4072 1 1
4073 1 1
4074 3 1 5
4075 2 1 5
4076 1 1
4077 1 1
4078 1 1
4079 2 1 3
4080 7 1 3 5
4081 1 1
4082 1 1
4083 18 1 3 5
4084 16 1 3 5
4085 1 1
4086 3 1 3 5
4087 3 1 3
4088 11 1 3 5
4089 5 1 3 5
4090 2 1 5
4091 1 1
4092 1 1
4093 1 1
4094 1 1
4095 2 1
4096 1 1
4097 1 1
4098 2 1
4099 1 1
4100 2 1
4101 2 1
4102 7 1 3 5
4103 1 1
4104 1 1
4105 3 1 3
4106 1 1
4107 4 1 3
4108 1 1
4109 1 1
4110 2 1 5
4111 2 1 3
4112 1 1
4113 1 1
4114 1 1
4115 2 1 5
4116 1 1
4117 1 1
4118 1 1
4119 1 1
4120 1 1
4121 2 1 5
4122 13 1 3
4123 4 1 3 5
4124 2 1 3
4125 3 1 3 5
4126 6 1 3
4127 9 1 3 5
4128 1 1
4129 1 1
4130 5 1 3 5
4131 1 1
4132 3 1
4133 1 1
4134 2 1
4135 2 1 3
4136 2 1
4137 1 1
4138 4 1 3
4139 1 1
4140 1 1
4141 1 1
4142 1 1
4143 1 1
4144 7 1 3
4145 1 1
4146 1 1
4147 2 1
4148 1 1
4149 1 1
4150 1 1
4151 2 1
4152 2 1 5
4153 1 1
4154 3 1 3
4155 2 1 3
4156 1 1
4157 1 1
4158 1 1
4159 1 1
4160 2 1 3
4161 1 1
4162 1 1
4163 1 1
4164 3 1 5
4165 3 1 3
4166 1 1
4167 3 1 3
4168 1 1
4169 1 1
4170 1 1
4171 2 1 5
4172 2 1 3
4173 1 1
4174 1 1
4175 2 1
4176 1 1
4177 1 1
4178 1 1
4179 3 1 5
4180 64 1 5
4181 2 1
4182 1 1
4183 32 1 3
4184 1 1
4185 3 1 5
4186 1 1
4187 3 1 5
4188 3 1 3 5
4189 41 1 3 5
4190 6 1 3 5
4191 12 1 3
4192 1 1
4193 2 1 5
4194 2 1
4195 1 1
4196 1 1
4197 1 1
4198 1 1
4199 12 1 3 5
4200 3 1 3
4201 2 1 3
4202 1 1
4203 1 1
4204 1 1
4205 1 1
4206 2 1
4207 1 1
4208 8 1 3 5
4209 1 1
4210 3 1 3
4211 2 1 5
4212 4 1 3
4213 1 1
4214 1 1
4215 1 1
4216 14 1 3 5
4217 50 1 3
4218 1 1
4219 1 1
4220 1 1
4221 3 1 3 5
4222 2 1
4223 1 1
4224 1 1
4225 1 1
4226 4 1 3
4227 1 1
4228 1 1
4229 1 1
4230 1 1
4231 4 1 3
4232 1 1
4233 1 1
4234 2 1 5
4235 2 1 5
4236 1 1
4237 1 1
4238 1 1
4239 1 1
4240 1 1
4241 1 1
4242 2 1
4243 1 1
4244 2 1 5
4245 2 1 5
4246 1 1
4247 6 1 3
4248 1 1
4249 1 1
4250 2 1
4251 4 1 3 5
4252 1 1
4253 1 1
4254 1 1
4255 1 1
4256 6 1 3
4257 2 1 3
4258 1 1
4259 1 1
4260 2 1
4261 1 1
4262 7 1 3 5
4263 10 1 3 5
4264 16 1 3 5
4265 1 1
4266 1 1
4267 1 1
4268 1 1
4269 2 1
4270 1 1
4271 1 1
4272 1 1
4273 1 1
4274 3 1 3
4275 2 1 5
4276 3 1 3 5
4277 1 1
4278 4 1 3
4279 1 1
4280 1 1
4281 1 1
4282 1 1
4283 1 1
4284 2 1 3
4285 1 1
4286 1 1
4287 1 1
4288 3 1 5
4289 9 1 3 5
4290 1 1
4291 1 1
4292 2 1 3
4293 1 1
4294 1 1
4295 3 1 5
4296 2 1 5
4297 2 1
4298 1 1
4299 1 1
4300 4 1 3
4301 1 1
4302 1 1
4303 3 1
4304 1 1
4305 1 1
4306 8 1 5
4307 7 1 3 5
4308 1 1
4309 1 1
4310 1 1
4311 6 1
4312 2 1
4313 1 1
4314 2 1 3
4315 1 1
4316 1 1
4317 6 1 3 5
4318 1 1
4319 3 1 5
4320 1 1
4321 1 1
4322 1 1
4323 1 1
4324 1 1
4325 1 1
4326 1 1
4327 1 1
4328 1 1
4329 1 1
4330 1 1
4331 5 1 3
4332 1 1
4333 2 1 3
4334 3 1 5
4335 1 1
4336 5 1 3
4337 1 1
4338 12 1 5
4339 1 1
4340 1 1
4341 2 1
4342 1 1
4343 1 1
4344 3 1 3
4345 1 1
4346 1 1
4347 1 1
4348 1 1
4349 1 1
4350 1 1
4351 3 1 5
4352 1 1
4353 1 1
4354 1 1
4355 1 1
4356 2 1 5
4357 1 1
4358 1 1
4359 1 1
4360 1 1
4361 1 1
4362 2 1 5
4363 6 1 3
4364 1 1
4365 1 1
4366 2 1 3
4367 2 1 3
4368 3 1 3 5
4369 4 1 3
4370 1 1
4371 3 1 3
4372 11 1 3 5
4373 1 1
4374 1 1
4375 2 1 5
4376 47 1 3 5
4377 3 1 3
4378 2 1 5
4379 1 1
4380 1 1
4381 1 1
4382 1 1
4383 4 1
4384 1 1
4385 1 1
4386 1 1
4387 1 1
4388 2 1
4389 1 1
4390 1 1
4391 4 1 5
4392 3 1
4393 1 1
4394 1 1
4395 1 1
4396 1 1
4397 1 1
4398 1 1
4399 2 1 3
4400 1 1
4401 1 1
4402 1 1
4403 1 1
4404 4 1
4405 3 1 5
4406 1 1
4407 1 1
4408 1 1
4409 1 1
4410 1 1
4411 1 1
4412 2 1
4413 1 1
4414 1 1
4415 4 1 3 5
4416 1 1
4417 2 1
4418 4 1 3
4419 2 1
4420 2 1
4421 1 1
4422 1 1
4423 1 1
4424 5 1 5
4425 6 1 3
4426 1 1
4427 2 1
4428 1 1
4429 1 1
4430 1 1
4431 2 1
4432 1 1
4433 1 1
4434 1 1
4435 1 1
4436 5 1 5
4437 1 1
4438 1 1
4439 3 1 5
4440 1 1
4441 4 1 3
4442 1 1
4443 2 1 3
4444 1 1
4445 1 1
4446 1 1
4447 2 1
4448 13 1 3 5
4449 1 1
4450 1 1
4451 1 1
4452 1 1
4453 1 1
4454 1 1
4455 1 1
4456 1 1
4457 1 1
4458 2 1
4459 1 1
4460 1 1
4461 1 1
4462 1 1
4463 1 1
4464 1 1
4465 1 1
4466 2 1 3
4467 1 1
4468 2 1 5
4469 1 1
4470 1 1
4471 2 1 3
4472 3 1
4473 2 1
4474 1 1
4475 1 1
4476 1 1
4477 1 1
4478 1 1
4479 7 1 3 5
4480 1 1
4481 2 1 3
4482 1 1
4483 1 1
4484 1 1
4485 1 1
4486 1 1
4487 2 1
4488 2 1
4489 2 1
4490 1 1
4491 2 1
4492 1 1
4493 1 1
4494 2 1 3
4495 1 1
4496 1 1
4497 6 1 3
4498 1 1
4499 3 1 3
4500 1 1
4501 1 1
4502 1 1
4503 2 1 5
4504 1 1
4505 3 1 5
4506 9 1 5
4507 3 1 5
4508 3 1 3
4509 1 1
4510 2 1 5
4511 11 1 3 5
4512 3 1 3
4513 2 1 5
4514 1 1
4515 54 1 3
4516 8 1 3 5
4517 2 1 3
4518 1 1
4519 1 1
4520 1 1
4521 1 1
4522 1 1
4523 4 1 3
4524 17 1 3
4525 1 1
4526 1 1
4527 1 1
4528 2 1
4529 1 1
4530 1 1
4531 1 1
4532 1 1
4533 1 1
4534 1 1
4535 2 1 5
4536 1 1
4537 2 1 5
4538 1 1
4539 11 1 3
4540 2 1 5
4541 1 1
4542 1 1
4543 1 1
4544 1 1
4545 1 1
4546 1 1
4547 2 1 3
4548 2 1 3
4549 6 1 3 5
4550 5 1
4551 3 1 3 5
4552 1 1
4553 2 1
4554 1 1
4555 1 1
4556 6 1 3 5
4557 4 1 3
4558 1 1
4559 1 1
4560 2 1
4561 1 1
4562 1 1
4563 2 1 3
4564 1 1
4565 5 1 3
4566 6 1 3 5
4567 3 1 5
4568 1 1
4569 1 1
4570 1 1
4571 4 1 3
4572 1 1
4573 3 1
4574 1 1
4575 1 1
4576 1 1
4577 1 1
4578 1 1
4579 1 1
4580 1 1
4581 1 1
4582 1 1
4583 1 1
4584 2 1 3
4585 1 1
4586 3 1 3
4587 2 1
4588 3 1 5
4589 1 1
4590 6 1 3 5
4591 1 1
4592 1 1
4593 1 1
4594 1 1
4595 1 1
4596 1 1
4597 4 1 5
4598 1 1
4599 1 1
4600 1 1
4601 1 1
4602 2 1 5
4603 1 1
4604 2 1
4605 2 1 3
4606 1 1
4607 2 1
4608 4 1 5
4609 1 1
4610 1 1
4611 1 1
4612 6 1 3 5
4613 1 1
4614 2 1 3
4615 1 1
4616 1 1
4617 1 1
4618 1 1
4619 1 1
4620 1 1
4621 1 1
4622 22 1 3
4623 3 1 5
4624 1 1
4625 1 1
4626 5 1
4627 1 1
4628 25 1 3
4629 1 1
4630 1 1
4631 2 1 3
4632 2 1 5
4633 2 1 5
4634 2 1 5
4635 1 1
4636 1 1
4637 1 1
4638 1 1
4639 1 1
4640 2 1 3
4641 1 1
4642 2 1 3
4643 7 1 3 5
4644 1 1
4645 2 1 5
4646 1 1
4647 1 1
4648 1 1
4649 1 1
4650 1 1
4651 1 1
4652 1 1
4653 1 1
4654 2 1
4655 1 1
4656 5 1 3 5
4657 1 1
4658 21 1 3 5
4659 1 1
4660 1 1
4661 19 1 3 5
4662 1 1
4663 1 1
4664 1 1
4665 1 1
4666 5 1 3 5
4667 1 1
4668 6 1 3 5
4669 3 1 3 5
4670 13 1 3 5
4671 1 1
4672 1 1
4673 1 1
4674 1 1
4675 2 1 5
4676 1 1
4677 2 1 5
4678 1 1
4679 1 1
4680 36 1 3
4681 1 1
4682 3 1 3
4683 1 1
4684 3 1 5
4685 4 1 3
4686 1 1
4687 2 1 5
4688 1 1
4689 1 1
4690 1 1
4691 1 1
4692 1 1
4693 1 1
4694 1 1
4695 1 1
4696 1 1
4697 2 1 5
4698 4 1 3 5
4699 1 1
4700 1 1
4701 1 1
4702 1 1
4703 1 1
4704 3 1 3
4705 1 1
4706 1 1
4707 3 1 3
4708 1 1
4709 1 1
4710 1 1
4711 1 1
4712 2 1 5
4713 3 1 3 5
4714 1 1
4715 3 1 5
4716 1 1
4717 1 1
4718 4 1 3
4719 3 1 3 5
4720 1 1
4721 4 1 3 5
4722 5 1 5
4723 1 1
4724 1 1
4725 1 1
4726 1 1
4727 25 1
4728 1 1
4729 3 1 5
4730 1 1
4731 2 1 5
4732 1 1
4733 2 1 3
4734 3 1 5
4735 1 1
4736 1 1
4737 2 1
4738 1 1
4739 2 1 5
4740 1 1
4741 1 1
4742 3 1 3 5
4743 11 1 3
4744 1 1
4745 1 1
4746 1 1
4747 3 1 5
4748 1 1
4749 1 1
4750 1 1
4751 1 1
4752 1 1
4753 1 1
4754 1 1
4755 1 1
4756 1 1
4757 2 1 3
4758 1 1
4759 1 1
4760 1 1
4761 1 1
4762 1 1
4763 1 1
4764 49 1 3
4765 1 1
4766 8 1 3 5
4767 4 1 3 5
4768 6 1 3 5
4769 1 1
4770 4 1 3 5
4771 1 1
4772 1 1
4773 1 1
4774 9 1 3
4775 9 1 3 5
4776 1 1
4777 18 1 3 5
4778 2 1
4779 2 1
4780 2 1
4781 1 1
4782 2 1
4783 1 1
4784 3 1
4785 5 1
4786 1 1
4787 1 1
4788 1 1
4789 1 1
4790 1 1
4791 6 1 3 5
4792 1 1
4793 3 1 3 5
4794 3 1 3
4795 1 1
4796 3 1 5
4797 6 1 3 5
4798 1 1
4799 1 1
4800 1 1
4801 1 1
4802 1 1
4803 1 1
4804 2 1 5
4805 1 1
4806 1 1
4807 1 1
4808 3 1 3
4809 1 1
4810 1 1
4811 7 1 3 5
4812 4 1 3 5
4813 1 1
4814 1 1
4815 11 1 3
4816 2 1 5
4817 1 1
4818 6 1 3
4819 1 1
4820 1 1
4821 1 1
4822 1 1
4823 1 1
4824 2 1 5
4825 1 1
4826 2 1 3
4827 1 1
4828 1 1
4829 1 1
4830 1 1
4831 9 1 5
4832 1 1
4833 2 1 5
4834 2 1 3
4835 2 1
4836 1 1
4837 1 1
4838 1 1
4839 10 1 3
4840 10 1 3 5
4841 2 1 3
4842 7 1 3 5
4843 1 1
4844 2 1 3
4845 1 1
4846 2 1 5
4847 6 1 3 5
4848 2 1 3
4849 3 1 3 5
4850 1 1
4851 1 1
4852 3 1 3
4853 1 1
4854 2 1
4855 8 1 3
4856 3 1 5
4857 1 1
4858 2 1 3
4859 1 1
4860 1 1
4861 1 1
4862 1 1
4863 1 1
4864 1 1
4865 2 1 3
4866 4 1 3
4867 3 1 3 5
4868 1 1
4869 1 1
4870 1 1
4871 1 1
4872 3 1
4873 1 1
4874 1 1
4875 5 1 5
4876 2 1
4877 1 1
4878 2 1
4879 1 1
4880 1 1
4881 2 1
4882 7 1 3 5
4883 1 1
4884 21 1 3
4885 2 1
4886 1 1
4887 1 1
4888 2 1 5
4889 2 1 5
4890 1 1
4891 1 1
4892 1 1
4893 1 1
4894 1 1
4895 1 1
4896 2 1 3
4897 2 1 3
4898 1 1
4899 6 1 3
4900 1 1
4901 1 1
4902 1 1
4903 3 1 3
4904 1 1
4905 1 1
4906 2 1 5
4907 1 1
4908 5 1 3 5
4909 4 1 3 5
4910 5 1 3 5
4911 2 1 3
4912 1 1
4913 17 1 5
4914 2 1 3
4915 1 1
4916 1 1
4917 1 1
4918 1 1
4919 1 1
4920 3 1 3
4921 1 1
4922 1 1
4923 1 1
4924 2 1 3
4925 1 1
4926 1 1
4927 3 1 3
4928 1 1
4929 1 1
4930 2 1 5
4931 1 1
4932 2 1 5
4933 1 1
4934 5 1 3
4935 2 1 3
4936 3 1 3
4937 1 1
4938 2 1 3
4939 1 1
4940 4 1 3 5
4941 2 1 3
4942 1 1
4943 17 3
