3 5 1
6 5 521
8 5 166
12 5 18
15 5 512
18 5 127
19 5 1
21 5 3
25 5 111
26 5 154
27 5 8
31 5 8
32 5 3
34 5 3
36 5 3
37 5 80
38 5 131
39 5 3
40 5 185
41 5 3
43 5 1
46 5 44
49 5 303
52 5 1
53 5 315
56 5 1
59 5 9
61 5 58
62 5 4
64 5 7
65 5 24
66 5 132
67 5 2
68 5 192
69 5 1
71 5 68
73 5 50
76 5 46
77 5 149
78 5 8
79 5 33
80 5 5
81 5 111
82 5 327
83 5 53
84 5 19
85 5 8
89 5 7
91 5 42
92 5 30
93 5 7
94 5 139
99 5 3
100 5 6
102 5 79
103 5 4
105 5 4
106 5 4
112 5 48
113 5 3
116 5 79
123 5 3
124 5 2
125 5 1
127 5 1
129 5 44
130 5 8
131 5 50
132 5 2
144 5 2
147 5 5
157 5 7
159 5 9
160 5 91
161 5 6
163 5 1
168 5 9
177 5 16
183 5 2
185 5 1
186 5 17
197 5 37
212 5 4
217 5 1
229 5 78
233 5 10
235 5 74
236 5 3
242 5 4
246 5 1
249 5 33
251 5 1
252 5 20
255 5 6
257 5 26
260 5 7
271 5 4
274 5 4
276 5 10
286 5 10
287 5 4
289 5 17
292 5 19
293 5 6
297 5 3
299 5 1
303 5 4
306 5 7
307 5 2
310 5 4
321 5 84
322 5 9
323 5 29
325 5 102
326 5 57
327 5 3
329 5 9
331 5 1
337 5 19
338 5 7
341 5 23
343 5 9
345 5 8
346 5 464
348 5 18
350 5 35
352 5 31
354 5 18
355 5 12
356 5 103
357 5 1
358 5 38
360 5 74
362 5 2
363 5 2
364 5 3
365 5 4
366 5 158
367 5 11
369 5 5
370 5 8
371 5 81
372 5 214
373 5 44
375 5 43
376 5 9
377 5 19
378 5 2
379 5 3
380 5 4
381 5 100
382 5 4
383 5 1
384 5 1
386 5 4
387 5 39
389 5 10
390 5 27
391 5 3
392 5 3
395 5 30
396 5 7
397 5 70
398 5 92
399 5 2
401 5 290
402 5 2
403 5 3
404 5 44
405 5 42
407 5 12
408 5 19
409 5 5
411 5 3
412 5 5
413 5 2
416 5 31
417 5 76
418 5 4
419 5 2
420 5 26
422 5 7
423 5 14
425 5 31
426 5 79
427 5 2
428 5 3
429 5 15
431 5 3
432 5 3
433 5 17
434 5 2
435 5 113
436 5 51
438 5 26
440 5 28
441 5 2
444 5 3
445 5 3
446 5 7
450 5 1
452 5 13
453 5 20
455 5 1
456 5 1
457 5 7
459 5 10
461 5 5
463 5 6
464 5 61
466 5 42
467 5 4
468 5 2
469 5 15
471 5 43
473 5 1
474 5 1
476 5 4
477 5 35
478 5 1
479 5 11
480 5 2
481 5 3
482 5 34
483 5 5
484 5 4
485 5 16
486 5 13
487 5 5
488 5 1
489 5 43
490 5 7
491 5 185
492 5 29
494 5 5
495 5 7
497 5 8
498 5 6
499 5 3
500 5 1
502 5 5
503 5 7
505 5 2
506 5 1
508 5 37
509 5 2
510 5 5
512 5 8
514 5 9
515 5 1
516 5 7
517 5 2
519 5 5
520 5 53
521 5 37
522 5 8
523 5 6
524 5 9
525 5 9
526 5 9
527 5 1
528 5 14
530 5 40
531 5 20
532 5 7
533 5 18
535 5 3
539 5 2
541 5 1
545 5 21
546 5 10
550 5 1
551 5 6
552 5 11
553 5 23
556 5 1
559 5 5
560 5 16
562 5 15
567 5 6
568 5 6
570 5 3
576 5 1
579 5 16
580 5 3
581 5 2
582 5 15
583 5 1
587 5 14
589 5 10
590 5 2
591 5 22
592 5 1
593 5 4
594 5 2
595 5 3
596 5 1
597 5 11
599 5 1
604 5 2
606 5 2
615 5 15
616 5 4
618 5 3
624 5 1
628 5 1
629 5 1
631 5 1
632 5 61
633 5 3
635 5 1
636 5 1
637 5 10
639 5 59
641 5 2
644 5 2
647 5 3
648 5 7
649 5 87
650 5 10
651 5 4
652 5 4
653 5 4
654 5 11
658 5 11
664 5 9
668 5 3
671 5 5
672 5 33
675 5 4
677 5 5
678 5 4
681 5 9
682 5 8
685 5 2
694 5 6
696 5 3
698 5 4
700 5 1
708 5 1
712 5 1
714 5 11
718 5 4
719 5 2
720 5 5
721 5 61
723 5 13
727 5 3
728 5 21
729 5 6
730 5 3
731 5 19
732 5 1
733 5 1
735 5 96
737 5 2
740 5 1
745 5 77
746 5 15
748 5 1
749 5 6
750 5 1
752 5 1
753 5 61
754 5 3
756 5 2
757 5 19
759 5 8
761 5 11
762 5 1
763 5 1
764 5 1
767 5 7
771 5 2
772 5 1
773 5 10
775 5 1
778 5 1
779 5 10
781 5 3
782 5 22
785 5 21
787 5 1
788 5 4
792 5 1
794 5 14
795 5 1
796 5 1
798 5 1
800 5 1
803 5 2
805 5 2
808 5 3
810 5 21
811 5 3
812 5 9
813 5 5
815 5 1
817 5 3
820 5 9
821 5 2
825 5 1
827 5 1
828 5 1
831 5 1
834 5 7
835 5 1
836 5 12
837 5 2
838 5 14
840 5 14
841 5 4
842 5 1
844 5 1
846 5 26
847 5 12
848 5 3
849 5 2
850 5 7
852 5 11
853 5 4
854 5 4
855 5 2
856 5 2
859 5 4
860 5 5
861 5 1
863 5 7
864 5 1
865 5 4
866 5 6
867 5 2
868 5 5
871 5 3
873 5 3
874 5 4
875 5 1
877 5 1
879 5 4
883 5 2
885 5 2
886 5 5
888 5 5
890 5 1
894 5 3
896 5 1
899 5 30
902 5 4
903 5 2
909 5 1
910 5 17
912 5 1
913 5 13
915 5 2
921 5 5
923 5 6
924 5 1
940 5 6
942 5 6
943 5 2
944 5 6
945 5 2
946 5 14
947 5 7
948 5 6
949 5 3
954 5 8
955 5 1
957 5 2
958 5 8
959 5 1
960 5 2
962 5 1
964 5 9
966 5 25
968 5 5
970 5 1
971 5 3
972 5 3
973 5 6
979 5 3
980 5 6
981 5 27
982 5 13
983 5 16
984 5 1
988 5 22
990 5 3
991 5 9
992 5 4
993 5 7
994 5 22
999 5 4
1000 5 8
1002 5 2
1003 5 3
1004 5 2
1005 5 4
1008 5 14
1010 5 2
1014 5 1
1015 5 6
1016 5 1
1020 5 3
1028 5 4
1031 5 12
1032 5 4
1033 5 1
1034 5 29
1035 5 7
1036 5 10
1039 5 10
1041 5 1
1044 5 4
1055 5 2
1058 5 10
1060 5 1
1064 5 1
1065 5 32
1068 5 1
1069 5 1
1071 5 1
1072 5 4
1073 5 16
1075 5 11
1076 5 1
1077 5 1
1080 5 2
1083 5 12
1084 5 3
1085 5 2
1087 5 5
1091 5 1
1092 5 3
1093 5 1
1094 5 9
1096 5 51
1097 5 4
1098 5 4
1099 5 1
1101 5 4
1106 5 9
1107 5 3
1108 5 1
1110 5 2
1111 5 11
1112 5 9
1116 5 1
1117 5 8
1119 5 3
1120 5 2
1122 5 1
1123 5 3
1124 5 14
1129 5 1
1130 5 1
1131 5 2
1137 5 1
1140 5 1
1141 5 1
1143 5 3
1147 5 5
1148 5 2
1149 5 3
1151 5 11
1152 5 29
1153 5 1
1155 5 1
1157 5 1
1159 5 7
1160 5 1
1163 5 13
1164 5 2
1166 5 1
1167 5 2
1169 5 2
1171 5 2
1172 5 1
1174 5 3
1176 5 8
1179 5 3
1184 5 7
1185 5 3
1187 5 4
1188 5 3
1190 5 2
1193 5 2
1194 5 8
1196 5 2
1197 5 2
1198 5 7
1199 5 4
1200 5 1
1201 5 15
1202 5 1
1203 5 4
1211 5 1
1212 5 14
1214 5 5
1216 5 4
1217 5 13
1218 5 4
1220 5 1
1221 5 8
1223 5 1
1224 5 1
1225 5 2
1227 5 2
1228 5 1
1231 5 3
1232 5 2
1234 5 1
1238 5 1
1245 5 2
1247 5 3
1248 5 3
1250 5 12
1251 5 6
1252 5 9
1253 5 1
1255 5 8
1256 5 2
1257 5 1
1259 5 1
1260 5 1
1262 5 1
1263 5 2
1267 5 1
1268 5 2
1269 5 6
1270 5 3
1271 5 2
1273 5 1
1276 5 2
1277 5 1
1283 5 1
1287 5 1
1290 5 5
1291 5 5
1292 5 2
1296 5 4
1298 5 18
1299 5 1
1300 5 1
1301 5 1
1302 5 4
1304 5 8
1305 5 13
1306 5 6
1311 5 2
1312 5 4
1313 5 1
1318 5 11
1320 5 1
1321 5 1
1326 5 2
1328 5 1
1331 5 2
1333 5 2
1335 5 1
1336 5 1
1338 5 1
1339 5 1
1340 5 2
1345 5 3
1346 5 2
1347 5 1
1348 5 6
1354 5 1
1357 5 1
1360 5 2
1361 5 1
1362 5 9
1366 5 1
1369 5 14
1370 5 1
1371 5 1
1373 5 2
1375 5 6
1377 5 6
1379 5 1
1380 5 5
1384 5 1
1387 5 1
1395 5 11
1397 5 4
1398 5 1
1405 5 11
1406 5 5
1412 5 1
1417 5 1
1418 5 2
1420 5 3
1421 5 2
1423 5 3
1425 5 3
1426 5 1
1434 5 1
1435 5 2
1437 5 1
1441 5 1
1443 5 1
1446 5 15
1447 5 3
1454 5 1
1456 5 1
1457 5 7
1459 5 2
1464 5 3
1471 5 1
1473 5 5
1474 5 1
1475 5 11
1476 5 7
1477 5 3
1480 5 1
1481 5 1
1483 5 1
1484 5 6
1485 5 2
1487 5 5
1490 5 11
1491 5 2
1492 5 15
1494 5 1
1497 5 3
1498 5 6
1501 5 1
1505 5 8
1508 5 2
1510 5 4
1511 5 1
1512 5 2
1515 5 2
1516 5 5
1518 5 1
1519 5 2
1520 5 4
1521 5 1
1523 5 4
1529 5 3
1534 5 15
1537 5 2
1538 5 9
1548 5 1
1553 5 2
1556 5 1
1557 5 3
1558 5 4
1559 5 2
1560 5 2
1561 5 1
1562 5 1
1567 5 1
1570 5 1
1571 5 4
1572 5 3
1585 5 2
1586 5 1
1587 5 3
1594 5 5
1599 5 1
1603 5 4
1609 5 15
1611 5 1
1612 5 2
1615 5 1
1621 5 2
1622 5 1
1624 5 1
1625 5 1
1627 5 1
1628 5 1
1629 5 1
1630 5 1
1631 5 1
1637 5 3
1640 5 2
1641 5 4
1642 5 1
1644 5 2
1645 5 18
1646 5 2
1652 5 7
1653 5 2
1654 5 2
1657 5 4
1670 5 2
1672 5 5
1673 5 7
1675 5 2
1676 5 3
1680 5 1
1681 5 3
1682 5 1
1685 5 1
1690 5 1
1692 5 1
1694 5 1
1695 5 5
1696 5 2
1699 5 1
1700 5 2
1702 5 4
1710 5 2
1712 5 5
1714 5 1
1715 5 2
1716 5 3
1717 5 2
1719 5 1
1720 5 9
1723 5 8
1724 5 6
1729 5 2
1730 5 4
1731 5 1
1732 5 1
1733 5 2
1734 5 1
1735 5 13
1737 5 6
1739 5 3
1741 5 1
1742 5 4
1743 5 1
1747 5 3
1748 5 14
1749 5 4
1758 5 5
1764 5 13
1765 5 1
1768 5 2
1769 5 1
1774 5 1
1790 5 6
1794 5 2
1800 5 1
1803 5 1
1804 5 1
1807 5 4
1808 5 15
1811 5 2
1816 5 1
1821 5 2
1822 5 1
1824 5 1
1826 5 2
1830 5 2
1834 5 1
1836 5 1
1837 5 1
1839 5 1
1840 5 1
1844 5 1
1845 5 1
1846 5 1
1850 5 1
1855 5 1
1857 5 3
1862 5 1
1865 5 1
1873 5 1
1874 5 1
1875 5 1
1880 5 1
1884 5 2
1885 5 2
1888 5 1
1889 5 1
1890 5 5
1891 5 2
1892 5 1
1897 5 4
1899 5 5
1900 5 1
1903 5 5
1907 5 6
1909 5 1
1910 5 2
1911 5 5
1916 5 1
1919 5 1
1920 5 10
1921 5 3
1923 5 18
1925 5 1
1926 5 4
1927 5 2
1928 5 3
1930 5 2
1932 5 1
1937 5 3
1940 5 2
1942 5 3
1943 5 2
1945 5 10
1947 5 1
1951 5 1
1955 5 1
1956 5 13
1957 5 6
1958 5 3
1960 5 2
1961 5 2
1962 5 2
1965 5 6
1966 5 7
1967 5 2
1969 5 1
1977 5 2
1978 5 13
1982 5 1
1983 5 1
1984 5 3
1988 5 1
1992 5 1
1999 5 5
2003 5 1
2006 5 3
2008 5 1
2012 5 2
2013 5 2
2014 5 1
2017 5 2
2019 5 3
2021 5 2
2027 5 2
2028 5 1
2029 5 2
2038 5 7
2039 5 7
2040 5 5
2046 5 1
2048 5 5
2054 5 3
2059 5 1
2066 5 1
2077 5 5
2081 5 11
2085 5 1
2087 5 1
2096 5 1
2100 5 2
2101 5 2
2104 5 1
2106 5 1
2108 5 1
2109 5 1
2112 5 2
2114 5 1
2116 5 1
2122 5 3
2125 5 1
2129 5 1
2130 5 2
2131 5 1
2135 5 2
2136 5 4
2139 5 1
2140 5 2
2141 5 2
2142 5 4
2143 5 1
2147 5 1
2154 5 1
2155 5 7
2158 5 1
2160 5 1
2161 5 1
2165 5 1
2168 5 6
2169 5 19
2174 5 3
2175 5 10
2176 5 1
2180 5 2
2184 5 3
2187 5 1
2188 5 9
2192 5 3
2194 5 2
2195 5 1
2200 5 3
2201 5 3
2207 5 2
2214 5 3
2219 5 1
2220 5 1
2221 5 1
2224 5 1
2226 5 5
2228 5 1
2230 5 13
2231 5 2
2232 5 1
2234 5 1
2236 5 1
2240 5 1
2245 5 7
2247 5 4
2248 5 5
2250 5 1
2254 5 1
2257 5 1
2258 5 2
2260 5 10
2262 5 1
2264 5 1
2270 5 1
2276 5 2
2278 5 4
2281 5 1
2282 5 4
2285 5 3
2288 5 1
2289 5 2
2291 5 7
2294 5 2
2296 5 1
2298 5 1
2304 5 6
2305 5 2
2312 5 1
2313 5 1
2315 5 4
2317 5 1
2318 5 5
2320 5 1
2321 5 3
2323 5 3
2329 5 1
2330 5 1
2331 5 3
2334 5 1
2335 5 4
2338 5 2
2339 5 1
2342 5 1
2351 5 1
2354 5 1
2364 5 3
2372 5 1
2374 5 1
2376 5 4
2377 5 18
2378 5 1
2386 5 1
2387 5 1
2391 5 4
2394 5 1
2396 5 1
2401 5 1
2402 5 4
2405 5 1
2407 5 4
2408 5 2
2409 5 1
2410 5 2
2420 5 2
2423 5 1
2426 5 1
2438 5 1
2439 5 1
2441 5 1
2444 5 1
2445 5 1
2446 5 1
2448 5 14
2453 5 1
2459 5 2
2462 5 1
2466 5 4
2467 5 4
2470 5 1
2471 5 3
2474 5 1
2480 5 2
2485 5 1
2486 5 5
2489 5 1
2495 5 2
2497 5 1
2502 5 10
2504 5 1
2509 5 3
2511 5 1
2514 5 16
2517 5 5
2519 5 2
2522 5 1
2528 5 3
2534 5 1
2535 5 3
2536 5 3
2538 5 1
2539 5 1
2540 5 1
2545 5 1
2551 5 3
2553 5 1
2555 5 4
2563 5 11
2567 5 4
2570 5 3
2573 5 1
2575 5 1
2587 5 4
2592 5 3
2593 5 6
2599 5 5
2600 5 6
2601 5 3
2603 5 1
2608 5 1
2610 5 1
2613 5 5
2615 5 3
2622 5 1
2625 5 1
2626 5 2
2634 5 2
2637 5 5
2640 5 5
2643 5 2
2644 5 5
2648 5 3
2657 5 2
2670 5 1
2671 5 2
2673 5 3
2675 5 2
2685 5 1
2692 5 3
2693 5 4
2701 5 2
2702 5 2
2703 5 3
2705 5 6
2706 5 2
2707 5 3
2710 5 2
2711 5 2
2712 5 1
2716 5 1
2717 5 1
2721 5 8
2722 5 1
2726 5 1
2734 5 1
2739 5 5
2742 5 6
2743 5 1
2758 5 1
2760 5 1
2764 5 2
2768 5 1
2773 5 1
2775 5 2
2782 5 3
2783 5 1
2787 5 9
2788 5 4
2798 5 4
2800 5 6
2801 5 1
2805 5 3
2813 5 1
2814 5 2
2816 5 1
2821 5 13
2822 5 9
2831 5 2
2834 5 1
2846 5 1
2847 5 4
2848 5 2
2851 5 1
2854 5 5
2856 5 8
2859 5 3
2864 5 2
2871 5 1
2876 5 1
2880 5 3
2884 5 1
2888 5 2
2889 5 1
2892 5 1
2894 5 5
2897 5 1
2898 5 1
2900 5 1
2906 5 2
2910 5 1
2911 5 7
2913 5 1
2914 5 4
2916 5 1
2921 5 4
2925 5 1
2927 5 1
2933 5 1
2940 5 2
2942 5 3
2945 5 1
2949 5 1
2951 5 1
2961 5 1
2963 5 4
2965 5 1
2967 5 1
2981 5 1
2986 5 1
2995 5 5
2998 5 1
2999 5 1
3001 5 7
3003 5 1
3004 5 1
3006 5 2
3007 5 3
3008 5 1
3009 5 3
3010 5 2
3011 5 2
3019 5 1
3022 5 1
3026 5 1
3029 5 1
3033 5 6
3039 5 3
3042 5 1
3046 5 1
3047 5 1
3050 5 4
3061 5 1
3062 5 1
3068 5 1
3070 5 3
3073 5 1
3074 5 2
3082 5 5
3085 5 1
3087 5 7
3093 5 2
3094 5 1
3098 5 3
3108 5 2
3125 5 3
3129 5 1
3131 5 3
3133 5 2
3134 5 8
3138 5 1
3139 5 1
3140 5 2
3143 5 1
3144 5 1
3155 5 1
3157 5 1
3160 5 1
3162 5 5
3166 5 2
3173 5 2
3174 5 2
3180 5 2
3182 5 1
3183 5 2
3187 5 1
3189 5 1
3193 5 2
3196 5 3
3197 5 1
3202 5 6
3203 5 4
3206 5 1
3211 5 4
3215 5 3
3220 5 1
3223 5 1
3224 5 2
3225 5 1
3226 5 1
3227 5 9
3231 5 1
3232 5 2
3242 5 2
3246 5 3
3250 5 2
3254 5 1
3255 5 1
3256 5 1
3258 5 1
3261 5 1
3276 5 3
3280 5 2
3284 5 1
3291 5 1
3292 5 3
3296 5 1
3298 5 3
3299 5 1
3301 5 1
3304 5 2
3308 5 3
3309 5 7
3310 5 2
3314 5 1
3315 5 1
3316 5 1
3320 5 3
3321 5 2
3325 5 9
3327 5 8
3328 5 1
3329 5 4
3330 5 2
3331 5 2
3334 5 1
3355 5 4
3366 5 3
3368 5 4
3369 5 1
3370 5 1
3372 5 2
3373 5 1
3374 5 3
3376 5 1
3380 5 1
3412 5 1
3417 5 1
3418 5 1
3425 5 1
3426 5 2
3428 5 1
3430 5 3
3436 5 1
3439 5 2
3441 5 1
3444 5 1
3446 5 1
3447 5 1
3448 5 1
3454 5 2
3456 5 3
3459 5 1
3461 5 1
3463 5 2
3465 5 2
3475 5 2
3479 5 1
3486 5 2
3488 5 1
3490 5 1
3492 5 2
3496 5 2
3498 5 1
3503 5 1
3505 5 1
3507 5 1
3508 5 1
3509 5 1
3519 5 1
3527 5 1
3530 5 2
3531 5 3
3532 5 1
3536 5 1
3538 5 1
3540 5 2
3543 5 2
3544 5 4
3545 5 3
3546 5 1
3548 5 1
3550 5 1
3553 5 4
3557 5 1
3567 5 1
3574 5 1
3585 5 4
3586 5 3
3599 5 1
3604 5 1
3606 5 2
3609 5 1
3621 5 3
3622 5 1
3624 5 1
3645 5 1
3648 5 1
3652 5 2
3655 5 3
3658 5 3
3659 5 2
3660 5 1
3661 5 2
3668 5 9
3671 5 1
3673 5 1
3677 5 1
3679 5 1
3680 5 1
3682 5 3
3692 5 1
3695 5 1
3698 5 1
3700 5 1
3701 5 2
3707 5 1
3715 5 1
3719 5 1
3722 5 1
3731 5 1
3737 5 2
3741 5 1
3746 5 1
3760 5 1
3763 5 37
3765 5 1
3771 5 6
3773 5 23
3778 5 1
3780 5 2
3794 5 1
3796 5 1
3799 5 1
3800 5 3
3803 5 1
3809 5 1
3819 5 2
3822 5 1
3826 5 1
3828 5 1
3831 5 2
3835 5 1
3837 5 1
3842 5 1
3843 5 1
3844 5 13
3846 5 2
3851 5 2
3854 5 2
3857 5 1
3858 5 1
3859 5 4
3860 5 1
3862 5 1
3863 5 1
3883 5 1
3888 5 1
3889 5 1
3892 5 12
3894 5 2
3898 5 3
3902 5 1
3910 5 1
3911 5 2
3912 5 3
3916 5 3
3919 5 1
3927 5 2
3930 5 1
3933 5 1
3934 5 2
3937 5 1
3940 5 1
3944 5 1
3945 5 1
3955 5 2
3960 5 6
3961 5 2
3962 5 1
3963 5 9
3969 5 1
3970 5 1
3972 5 1
3975 5 1
3976 5 3
3983 5 1
3984 5 2
3986 5 2
4006 5 1
4007 5 7
4010 5 1
4013 5 1
4017 5 1
4024 5 2
4036 5 1
4037 5 1
4041 5 2
4043 5 1
4045 5 4
4047 5 1
4052 5 1
4054 5 2
4057 5 2
4059 5 1
4064 5 1
4070 5 1
4074 5 2
4075 5 1
4080 5 2
4083 5 2
4084 5 2
4086 5 1
4088 5 6
4089 5 2
4090 5 1
4102 5 5
4110 5 1
4115 5 1
4121 5 1
4123 5 2
4125 5 1
4127 5 3
4130 5 2
4152 5 1
4164 5 2
4171 5 1
4179 5 1
4180 5 62
4185 5 2
4187 5 2
4188 5 1
4189 5 6
4190 5 1
4193 5 1
4199 5 2
4208 5 2
4211 5 1
4216 5 6
4221 5 1
4234 5 1
4235 5 1
4244 5 1
4245 5 1
4251 5 1
4262 5 2
4263 5 1
4264 5 1
4275 5 1
4276 5 1
4288 5 1
4289 5 2
4295 5 2
4296 5 1
4306 5 2
4307 5 1
4317 5 2
4319 5 2
4334 5 2
4338 5 5
4351 5 1
4356 5 1
4362 5 1
4368 5 1
4372 5 7
4375 5 1
4376 5 8
4378 5 1
4391 5 3
4405 5 2
4415 5 1
4424 5 2
4436 5 4
4439 5 1
4448 5 2
4468 5 1
4479 5 2
4503 5 1
4505 5 2
4506 5 6
4507 5 1
4510 5 1
4511 5 2
4513 5 1
4516 5 4
4535 5 1
4537 5 1
4540 5 1
4549 5 1
4551 5 1
4556 5 1
4566 5 1
4567 5 2
4588 5 2
4590 5 2
4597 5 3
4602 5 1
4608 5 3
4612 5 1
4623 5 2
4632 5 1
4633 5 1
4634 5 1
4643 5 3
4645 5 1
4656 5 2
4658 5 3
4661 5 3
4666 5 1
4668 5 2
4669 5 1
4670 5 5
4675 5 1
4677 5 1
4684 5 2
4687 5 1
4697 5 1
4698 5 1
4712 5 1
4713 5 1
4715 5 2
4719 5 1
4721 5 2
4722 5 3
4729 5 2
4731 5 1
4734 5 2
4739 5 1
4742 5 1
4747 5 2
4766 5 2
4767 5 1
4768 5 1
4770 5 1
4775 5 2
4777 5 1
4791 5 3
4793 5 1
4796 5 1
4797 5 1
4804 5 1
4811 5 5
4812 5 2
4816 5 1
4824 5 1
4831 5 7
4833 5 1
4840 5 3
4842 5 4
4846 5 1
4847 5 3
4849 5 1
4856 5 1
4867 5 1
4875 5 4
4882 5 3
4888 5 1
4889 5 1
4906 5 1
4908 5 1
4909 5 2
4910 5 2
4913 5 16
4930 5 1
4932 5 1
4940 5 1
4949 5 1
4953 5 1
4954 5 2
4958 5 1
4970 5 6
4983 5 1
4992 5 1
5010 5 2
5013 5 1
5050 5 2
5068 5 4
5072 5 1
5086 5 1
5121 5 1
5135 5 1
5136 5 1
5164 5 1
5165 5 1
5174 5 1
5187 5 23
5191 5 1
5195 5 1
5231 5 2
5240 5 1
5245 5 2
5249 5 1
5264 5 1
5265 5 1
5296 5 2
5300 5 1
5304 5 2
5310 5 1
5313 5 1
5342 5 1
5349 5 1
5350 5 3
5355 5 2
5361 5 2
5366 5 1
5379 5 2
5380 5 1
5385 5 3
5391 5 1
5396 5 1
5413 5 2
5418 5 1
5441 5 1
5454 5 1
5469 5 1
5471 5 1
5476 5 1
5485 5 3
5487 5 1
5488 5 1
5489 5 1
5497 5 11
5501 5 1
5507 5 1
5510 5 3
5514 5 1
5535 5 1
5550 5 1
5552 5 1
5568 5 1
5582 5 1
5600 5 2
5601 5 2
5603 5 1
5609 5 1
5610 5 6
5630 5 3
5649 5 3
5656 5 1
5663 5 1
5665 5 3
5670 5 1
5675 5 1
5686 5 1
5694 5 1
5702 5 1
5711 5 1
5719 5 3
5727 5 1
5728 5 1
5732 5 1
5738 5 1
5739 5 1
5749 5 1
5753 5 3
5757 5 1
5762 5 1
5768 5 1
5777 5 4
5781 5 1
5825 5 1
5827 5 1
5829 5 2
5837 5 1
5848 5 1
5860 5 1
5866 5 4
5869 5 1
5882 5 1
5888 5 1
5901 5 1
5928 5 1
5940 5 1
5950 5 1
5967 5 1
5971 5 1
5974 5 5
5981 5 1
5993 5 2
6000 5 1
6005 5 2
6012 5 1
6027 5 1
6040 5 2
6057 5 1
6066 5 1
6084 5 1
6088 5 3
6090 5 1
6093 5 1
6106 5 2
6120 5 1
6134 5 2
6142 5 1
6156 5 6
6173 5 2
6180 5 1
6192 5 2
6198 5 1
6200 5 1
6213 5 1
6233 5 2
6237 5 2
6245 5 1
6296 5 1
6312 5 1
6315 5 2
6326 5 1
6335 5 2
6341 5 2
6356 5 2
6363 5 1
6366 5 1
6378 5 2
6384 5 1
6387 5 2
6393 5 1
6408 5 1
6415 5 1
6419 5 2
6432 5 8
6436 5 1
6455 5 1
6491 5 1
6507 5 2
6520 5 1
6527 5 1
6538 5 1
6564 5 3
6580 5 1
6587 5 1
6600 5 1
6607 5 1
6619 5 1
6625 5 1
6630 5 3
6636 5 1
6637 5 1
6674 5 1
6677 5 1
6684 5 1
6688 5 1
6692 5 1
6706 5 2
6711 5 2
6733 5 1
6735 5 3
6755 5 1
6777 5 1
6781 5 1
6787 5 1
6797 5 2
6802 5 1
6807 5 1
6809 5 3
6824 5 1
6841 5 1
6856 5 3
6888 5 1
6889 5 1
6892 5 12
6897 5 1
6904 5 1
6963 5 6
6968 5 1
6986 5 1
6995 5 5
7002 5 2
7015 5 1
7018 5 4
7020 5 1
7027 5 1
7031 5 1
7032 5 2
7045 5 2
7055 5 4
7061 5 3
7063 5 2
7100 5 1
7108 5 1
7166 5 2
7180 5 1
7184 5 1
7187 5 1
7194 5 1
7213 5 1
7231 5 1
7279 5 4
7287 5 1
7297 5 1
7314 5 2
7325 5 1
7332 5 1
7344 5 5
7345 5 1
7348 5 4
7368 5 2
7371 5 1
7376 5 1
7377 5 1
7423 5 1
7432 5 1
7436 5 2
7438 5 1
7455 5 8
7461 5 1
7462 5 1
7467 5 1
7494 5 1
7511 5 1
7523 5 1
7536 5 2
7542 5 1
7548 5 1
7557 5 1
7564 5 1
7572 5 1
7574 5 2
7614 5 1
7618 5 1
7631 5 3
7634 5 1
7635 5 1
7650 5 1
7659 5 3
7667 5 3
7688 5 1
7695 5 1
7706 5 2
7715 5 1
7735 5 2
7769 5 4
7773 5 2
7775 5 2
7778 5 1
7783 5 1
7795 5 1
7801 5 1
7805 5 3
7819 5 2
7861 5 1
7879 5 1
7888 5 1
7914 5 1
7922 5 1
7949 5 2
7956 5 1
7965 5 3
7968 5 2
8006 5 1
8017 5 1
8030 5 1
8044 5 4
8056 5 1
8072 5 1
8085 5 2
8150 5 1
8152 5 2
8156 5 1
8165 5 1
8178 5 3
8181 5 1
8182 5 3
8186 5 1
8214 5 1
8220 5 4
8232 5 10
8233 5 23
8234 5 16
8235 5 33
8236 5 12
8237 5 22
8238 5 14
8239 5 1
8240 5 13
8241 5 15
8242 5 5
8243 5 20
8244 5 1
8245 5 21
8246 5 22
8247 5 2
8248 5 10
8249 5 8
8250 5 11
8251 5 47
8252 5 9
8253 5 8
8254 5 9
8255 5 8
8256 5 2
8257 5 1
8258 5 1
8259 5 20
8260 5 1
8261 5 1
8262 5 1
8263 5 1
8264 5 2
8265 5 1
8266 5 3
8267 5 4
8268 5 1
8269 5 40
8270 5 2
8271 5 52
8272 5 1
8273 5 1
8274 5 3
8275 5 4
8276 5 3
8277 5 1
8278 5 1
8279 5 1
8280 5 9
8281 5 2
8282 5 1
8283 5 1
8284 5 69
8285 5 1
8286 5 1
8287 5 1
8288 5 1
8289 5 1
8290 5 2
8291 5 15
8292 5 1
8293 5 2
8294 5 1
8295 5 1
8296 5 2
8297 5 1
8298 5 1
8299 5 1
8300 5 1
8301 5 1
8302 5 1
8303 5 1
8304 5 1
8305 5 1
8306 5 1
8307 5 1
8308 5 1
8309 5 1
8310 5 1
8311 5 1
8312 5 4
8313 5 51
8314 5 1
8315 5 1
8316 5 3
8317 5 1
8318 5 1
8319 5 1
8320 5 3
8321 5 1
8322 5 2
8323 5 1
8324 5 1
8325 5 1
8326 5 116
8327 5 2
8328 5 1
8329 5 1
8330 5 3
8331 5 1
8332 5 1
8333 5 4
8334 5 1
8335 5 1
8336 5 1
8337 5 1
8338 5 1
8339 5 1
8340 5 1
8341 5 1
8342 5 2
8343 5 1
8344 5 1
8345 5 1
8346 5 2
8347 5 1
8348 5 8
8349 5 2
8350 5 1
8351 5 1
8352 5 1
8353 5 1
8354 5 1
8355 5 1
8356 5 1
8357 5 1
8358 5 2
8359 5 1
8360 5 1
8361 5 1
8362 5 1
8363 5 1
8364 5 1
8365 5 1
8366 5 1
8367 5 1
8368 5 2
8369 5 1
8370 5 2
8371 5 1
8372 5 1
8373 5 1
8374 5 1
8375 5 1
8376 5 1
8377 5 1
8378 5 1
8379 5 1
8380 5 1
8381 5 1
8382 5 1
8383 5 1
8384 5 2
8385 5 1
8386 5 2
8387 5 1
8388 5 1
8389 5 1
8390 5 3
8391 5 1
8392 5 1
8393 5 1
8394 5 1
8395 5 1
8396 5 1
8397 5 10
8398 5 1
8399 5 1
8400 5 2
8401 5 1
8402 5 1
8403 5 1
8404 5 1
8405 5 1
8406 5 1
8407 5 1
8408 5 1
8409 5 1
8410 5 1
8411 5 1
8412 5 1
8413 5 2
8414 5 1
8415 5 1
8416 5 2
8417 5 4
8418 5 1
8419 5 1
8420 5 1
8421 5 3
8422 5 1
8423 5 4
8424 5 1
8425 5 1
8426 5 1
8427 5 1
8428 5 1
8429 5 2
8430 5 1
8431 5 1
8432 5 1
8433 5 1
8434 5 1
8435 5 8
8436 5 1
8437 5 1
8438 5 1
8439 5 1
8440 5 1
8441 5 2
8442 5 1
8443 5 1
8444 5 2
8445 5 1
8446 5 1
8447 5 1
8448 5 1
8449 5 1
8450 5 1
8451 5 1
8452 5 1
8453 5 2
8454 5 2
8455 5 2
8456 5 2
8457 5 1
8458 5 1
8459 5 48
8460 5 2
8461 5 1
8462 5 1
8463 5 1
8464 5 2
8465 5 1
8466 5 2
8467 5 1
8468 5 1
8469 5 1
8470 5 1
8471 5 1
8472 5 1
8473 5 4
8474 5 2
8475 5 1
8476 5 1
8477 5 1
8478 5 1
8479 5 1
8480 5 2
8481 5 1
8482 5 1
8483 5 2
8484 5 1
8485 5 4
8486 5 1
8487 5 1
8488 5 1
8489 5 1
8490 5 1
8491 5 1
8492 5 2
8493 5 14
8494 5 1
8495 5 3
8496 5 1
8497 5 1
8498 5 1
8499 5 1
8500 5 1
8501 5 3
8502 5 1
8503 5 1
8504 5 1
8505 5 1
8506 5 1
8507 5 4
8508 5 1
8509 5 2
8510 5 1
8511 5 1
8512 5 1
8513 5 1
8514 5 1
8515 5 2
8516 5 7
8517 5 1
8518 5 1
8519 5 1
8520 5 7
8521 5 2
8522 5 1
8523 5 1
8524 5 1
8525 5 1
8526 5 1
8527 5 2
8528 5 1
8529 5 1
8530 5 1
8531 5 1
8532 5 1
8533 5 1
8534 5 1
8535 5 1
8536 5 2
8537 5 3
8538 5 1
8539 5 1
8540 5 1
8541 5 1
8542 5 1
8543 5 1
8544 5 1
8545 5 1
8546 5 1
8547 5 2
8548 5 1
8549 5 2
8550 5 1
8551 5 1
8552 5 1
8553 5 1
8554 5 1
8555 5 1
8556 5 3
8557 5 1
8558 5 2
8559 5 2
8560 5 1
8561 5 51
8562 5 1
8563 5 1
8564 5 2
8565 5 1
8566 5 2
8567 5 1
8568 5 2
8569 5 1
8570 5 3
8571 5 1
8572 5 1
8573 5 3
8574 5 1
8575 5 1
8576 5 1
8577 5 1
8578 5 1
8579 5 2
8580 5 1
8581 5 5
8582 5 2
8583 5 1
8584 5 1
8585 5 1
8586 5 1
8587 5 1
8588 5 1
8589 5 1
8590 5 1
8591 5 1
8592 5 1
8593 5 1
8594 5 1
8595 5 2
8596 5 1
8597 5 4
8598 5 1
8599 5 1
8600 5 1
8601 5 1
8602 5 1
8603 5 1
8604 5 1
8605 5 1
8606 5 1
8607 5 3
8608 5 2
8609 5 2
8610 5 1
8611 5 2
8612 5 1
8613 5 1
8614 5 1
8615 5 1
8616 5 2
8617 5 2
8618 5 2
8619 5 1
8620 5 1
8621 5 1
8622 5 1
8623 5 1
8624 5 36
8625 5 1
8626 5 1
8627 5 1
8628 5 1
8629 5 1
8630 5 1
8631 5 1
8632 5 1
8633 5 1
8634 5 1
8635 5 1
8636 5 1
8637 5 1
8638 5 1
8639 5 2
8640 5 2
8641 5 1
8642 5 3
8643 5 1
8644 5 1
8645 5 1
8646 5 1
8647 5 3
8648 5 3
8649 5 1
8650 5 2
8651 5 1
8652 5 1
8653 5 1
8654 5 1
8655 5 1
8656 5 1
8657 5 1
8658 5 2
8659 5 2
8660 5 1
8661 5 1
8662 5 1
8663 5 1
8664 5 1
8665 5 1
8666 5 1
8667 5 1
8668 5 1
8669 5 2
8670 5 2
8671 5 2
8672 5 1
8673 5 1
8674 5 2
8675 5 1
8676 5 1
8677 5 1
8678 5 1
8679 5 1
8680 5 1
8681 5 1
8682 5 9
8683 5 1
8684 5 1
8685 5 1
8686 5 1
8687 5 1
8688 5 1
8689 5 1
8690 5 1
8691 5 2
8692 5 1
8693 5 1
8694 5 1
8695 5 1
8696 5 1
8697 5 1
8698 5 1
8699 5 1
8700 5 1
8701 5 1
8702 5 1
8703 5 1
8704 5 1
8705 5 4
8706 5 9
8707 5 4
8708 5 1
8709 5 1
8710 5 1
8711 5 1
8712 5 4
8713 5 1
8714 5 1
8715 5 1
8716 5 1
8717 5 1
8718 5 1
8719 5 1
8720 5 1
8721 5 1
8722 5 1
8723 5 1
8724 5 1
8725 5 1
8726 5 1
8727 5 2
8728 5 1
8729 5 1
8730 5 1
8731 5 2
8732 5 1
8733 5 1
8734 5 1
8735 5 1
8736 5 1
8737 5 2
8738 5 1
8739 5 2
8740 5 1
8741 5 1
8742 5 1
8743 5 1
8744 5 1
8745 5 1
8746 5 1
8747 5 1
8748 5 2
8749 5 1
8750 5 1
8751 5 1
8752 5 1
8753 5 3
8754 5 1
8755 5 1
8756 5 2
8757 5 1
8758 5 1
8759 5 1
8760 5 1
8761 5 1
8762 5 1
8763 5 1
8764 5 2
8765 5 1
8766 5 1
8767 5 1
8768 5 1
8769 5 1
8770 5 1
8771 5 1
8772 5 1
8773 5 1
8774 5 1
8775 5 1
8776 5 1
8777 5 1
8778 5 2
8779 5 2
8780 5 1
8781 5 1
8782 5 2
8783 5 1
8784 5 1
8785 5 1
8786 5 1
8787 5 1
8788 5 1
8789 5 1
8790 5 1
8791 5 2
8792 5 1
8793 5 1
8794 5 1
8795 5 2
8796 5 1
8797 5 1
8798 5 1
8799 5 1
8800 5 1
8801 5 1
8802 5 2
8803 5 1
8804 5 2
8805 5 1
8806 5 1
8807 5 2
8808 5 1
8809 5 1
8810 5 1
8811 5 1
8812 5 1
8813 5 1
8814 5 3
8815 5 1
8816 5 3
8817 5 1
8818 5 1
8819 5 1
8820 5 1
8821 5 1
8822 5 1
8823 5 2
8824 5 1
8825 5 1
8826 5 1
8827 5 1
8828 5 1
8829 5 1
8830 5 1
8831 5 1
8832 5 1
8833 5 2
8834 5 1
8835 5 1
8836 5 1
8837 5 2
8838 5 1
8839 5 2
8840 5 1
8841 5 1
8842 5 1
8843 5 1
8844 5 1
8845 5 1
8846 5 1
8847 5 2
8848 5 1
8849 5 1
8850 5 1
8851 5 1
8852 5 1
8853 5 1
8854 5 2
8855 5 2
8856 5 1
8857 5 1
8858 5 1
8859 5 1
8860 5 1
8861 5 39
8862 5 1
8863 5 1
8864 5 1
8865 5 1
8866 5 1
8867 5 1
8868 5 1
8869 5 1
8870 5 1
8871 5 2
8872 5 3
8873 5 1
8874 5 1
8875 5 1
8876 5 1
8877 5 1
8878 5 1
8879 5 1
8880 5 2
8881 5 1
8882 5 1
8883 5 1
8884 5 1
8885 5 1
8886 5 60
8887 5 1
8888 5 1
8889 5 1
8890 5 1
8891 5 1
8892 5 1
8893 5 1
8894 5 1
8895 5 1
8896 5 1
8897 5 2
8898 5 1
8899 5 1
8900 5 3
8901 5 1
8902 5 2
8903 5 3
8904 5 1
8905 5 1
8906 5 1
8907 5 1
8908 5 5
8909 5 1
8910 5 1
8911 5 1
8912 5 1
8913 5 1
8914 5 1
8915 5 2
8916 5 4
8917 5 2
8918 5 1
8919 5 3
8920 5 1
8921 5 1
8922 5 1
8923 5 3
8924 5 1
8925 5 1
8926 5 1
8927 5 1
8928 5 1
8929 5 1
8930 5 1
8931 5 1
8932 5 2
8933 5 1
8934 5 1
8935 5 1
8936 5 1
8937 5 1
8938 5 1
8939 5 1
8940 5 2
8941 5 1
8942 5 1
8943 5 2
8944 5 1
8945 5 1
8946 5 1
8947 5 1
8948 5 1
8949 5 1
8950 5 7
8951 5 2
8952 5 1
8953 5 1
8954 5 1
8955 5 1
8956 5 3
8957 5 1
8958 5 1
8959 5 1
8960 5 1
8961 5 3
8962 5 1
8963 5 1
8964 5 1
8965 5 1
8966 5 1
8967 5 1
8968 5 1
8969 5 1
8970 5 2
8971 5 1
8972 5 2
8973 5 1
8974 5 1
8975 5 1
8976 5 1
8977 5 1
8978 5 1
8979 5 1
8980 5 1
8981 5 1
8982 5 1
8983 5 1
8984 5 1
8985 5 1
8986 5 1
8987 5 1
8988 5 1
8989 5 1
8990 5 1
8991 5 1
8992 5 1
8993 5 1
8994 5 1
8995 5 1
8996 5 1
8997 5 1
8998 5 1
8999 5 1
9000 5 3
9001 5 1
9002 5 1
9003 5 1
9004 5 2
9005 5 2
9006 5 1
9007 5 1
9008 5 1
9009 5 1
9010 5 3
9011 5 1
9012 5 1
9013 5 1
9014 5 1
9015 5 1
9016 5 1
9017 5 1
9018 5 1
9019 5 1
9020 5 1
9021 5 1
9022 5 1
9023 5 1
9024 5 1
9025 5 1
9026 5 1
9027 5 1
9028 5 1
9029 5 1
9030 5 1
9031 5 1
9032 5 1
9033 5 1
9034 5 1
9035 5 1
9036 5 1
9037 5 1
9038 5 1
9039 5 1
9040 5 1
9041 5 1
9042 5 1
9043 5 1
9044 5 2
9045 5 2
9046 5 2
9047 5 1
9048 5 1
9049 5 1
9050 5 1
9051 5 4
9052 5 1
9053 5 1
9054 5 2
9055 5 1
9056 5 1
9057 5 2
9058 5 1
9059 5 1
9060 5 1
9061 5 1
9062 5 1
9063 5 1
9064 5 1
9065 5 1
9066 5 1
9067 5 1
9068 5 1
9069 5 1
9070 5 2
9071 5 1
9072 5 1
9073 5 3
9074 5 1
9075 5 1
9076 5 1
9077 5 2
9078 5 1
9079 5 1
9080 5 1
9081 5 1
9082 5 1
9083 5 1
9084 5 1
9085 5 1
9086 5 1
9087 5 1
9088 5 1
9089 5 1
9090 5 1
9091 5 1
9092 5 1
9093 5 1
9094 5 1
9095 5 2
9096 5 1
9097 5 2
9098 5 1
9099 5 1
9100 5 1
9101 5 1
9102 5 1
9103 5 1
9104 5 1
9105 5 1
9106 5 1
9107 5 1
9108 5 1
9109 5 1
9110 5 1
9111 5 1
9112 5 1
9113 5 1
9114 5 1
9115 5 1
9116 5 1
9117 5 1
9118 5 1
9119 5 1
9120 5 1
9121 5 1
9122 5 1
9123 5 1
9124 5 2
9125 5 1
9126 5 1
9127 5 1
9128 5 1
9129 5 1
9130 5 1
9131 5 2
9132 5 2
9133 5 2
9134 5 1
9135 5 1
9136 5 2
9137 5 1
9138 5 1
9139 5 1
9140 5 1
9141 5 1
9142 5 1
9143 5 1
9144 5 2
9145 5 1
9146 5 2
9147 5 1
9148 5 1
9149 5 1
9150 5 1
9151 5 1
9152 5 1
9153 5 1
9154 5 1
9155 5 1
9156 5 2
9157 5 1
9158 5 1
9159 5 1
9160 5 1
9161 5 1
9162 5 1
9163 5 1
9164 5 1
9165 5 1
9166 5 1
9167 5 1
9168 5 1
9169 5 1
9170 5 1
9171 5 1
9172 5 1
9173 5 1
9174 5 1
9175 5 1
9176 5 1
9177 5 1
9178 5 1
9179 5 1
9180 5 1
9181 5 1
9182 5 1
9183 5 1
9184 5 1
9185 5 1
9186 5 1
9187 5 1
9188 5 1
9189 5 1
9190 5 1
9191 5 1
9192 5 1
9193 5 1
9194 5 1
9195 5 1
9196 5 1
9197 5 1
9198 5 1
9199 5 1
9200 5 1
9201 5 1
9202 5 1
9203 5 1
9204 5 1
9205 5 1
9206 5 1
9207 5 2
9208 5 2
9209 5 3
9210 5 2
9211 5 2
9212 5 1
9213 5 4
9214 5 1
9215 5 1
9216 5 1
9217 5 1
9218 5 1
9219 5 1
9220 5 1
9221 5 1
9222 5 1
9223 5 1
9224 5 1
9225 5 1
9226 5 2
9227 5 1
9228 5 1
9229 5 1
9230 5 1
9231 5 2
9232 5 1
9233 5 1
9234 5 1
9235 5 1
9236 5 1
9237 5 1
9238 5 1
9239 5 1
9240 5 1
9241 5 1
9242 5 1
9243 5 1
9244 5 1
9245 5 1
9246 5 2
9247 5 1
9248 5 1
9249 5 1
9250 5 1
9251 5 1
9252 5 1
9253 5 1
9254 5 1
9255 5 1
9256 5 1
9257 5 1
9258 5 1
9259 5 1
9260 5 1
9261 5 1
9262 5 1
9263 5 1
9264 5 1
9265 5 1
9266 5 1
9267 5 1
9268 5 1
9269 5 1
9270 5 1
9271 5 1
9272 5 1
9273 5 1
9274 5 1
9275 5 1
9276 5 1
9277 5 1
9278 5 1
9279 5 2
9280 5 1
9281 5 1
9282 5 1
9283 5 1
9284 5 1
9285 5 1
9286 5 1
9287 5 1
9288 5 1
9289 5 1
9290 5 1
9291 5 1
9292 5 1
9293 5 1
9294 5 1
9295 5 2
9296 5 1
9297 5 1
9298 5 1
9299 5 1
9300 5 1
9301 5 1
9302 5 1
9303 5 1
9304 5 1
9305 5 1
9306 5 1
9307 5 1
9308 5 1
9309 5 1
9310 5 1
9311 5 1
9312 5 1
9313 5 1
9314 5 1
9315 5 1
9316 5 1
9317 5 1
9318 5 1
9319 5 1
9320 5 1
9321 5 1
9322 5 1
9323 5 1
9324 5 2
9325 5 1
9326 5 1
9327 5 1
9328 5 1
9329 5 1
9330 5 1
9331 5 1
9332 5 1
9333 5 2
9334 5 1
9335 5 1
9336 5 2
9337 5 1
9338 5 2
9339 5 4
9340 5 1
9341 5 1
9342 5 1
9343 5 1
9344 5 1
9345 5 1
9346 5 1
9347 5 1
9348 5 1
9349 5 1
9350 5 1
9351 5 1
9352 5 1
9353 5 1
9354 5 1
9355 5 1
9356 5 1
9357 5 2
9358 5 2
9359 5 1
9360 5 1
9361 5 1
9362 5 1
9363 5 3
9364 5 1
9365 5 1
9366 5 1
9367 5 1
9368 5 2
9369 5 1
9370 5 1
9371 5 1
9372 5 2
9373 5 2
9374 5 2
9375 5 2
9376 5 2
9377 5 1
9378 5 1
9379 5 1
9380 5 1
9381 5 1
9382 5 1
9383 5 1
9384 5 1
9385 5 1
9386 5 1
9387 5 1
9388 5 1
9389 5 1
9390 5 1
9391 5 1
9392 5 1
9393 5 1
9394 5 1
9395 5 1
9396 5 1
9397 5 1
9398 5 1
9399 5 1
9400 5 1
9401 5 1
9402 5 1
9403 5 1
9404 5 1
9405 5 1
9406 5 1
9407 5 1
9408 5 1
9409 5 1
9410 5 1
9411 5 1
9412 5 1
9413 5 1
9414 5 1
9415 5 1
9416 5 1
9417 5 1
9418 5 1
9419 5 1
9420 5 1
9421 5 1
9422 5 1
9423 5 1
9424 5 3
9425 5 1
9426 5 1
9427 5 1
9428 5 2
9429 5 1
9430 5 1
9431 5 1
9432 5 1
9433 5 1
9434 5 1
9435 5 1
9436 5 1
9437 5 1
9438 5 1
9439 5 1
9440 5 1
9441 5 1
9442 5 1
9443 5 1
9444 5 1
9445 5 1
9446 5 1
9447 5 1
9448 5 1
9449 5 1
9450 5 1
9451 5 1
9452 5 1
9453 5 1
9454 5 1
9455 5 1
9456 5 1
9457 5 1
9458 5 1
9459 5 1
9460 5 1
9461 5 1
9462 5 1
9463 5 1
9464 5 1
9465 5 1
9466 5 1
9467 5 1
9468 5 1
9469 5 1
9470 5 1
9471 5 1
9472 5 1
9473 5 1
9474 5 1
9475 5 2
9476 5 1
9477 5 1
9478 5 1
9479 5 1
9480 5 1
9481 5 1
9482 5 1
9483 5 1
9484 5 1
9485 5 2
9486 5 1
9487 5 1
9488 5 1
9489 5 1
9490 5 1
9491 5 1
9492 5 1
9493 5 1
9494 5 1
9495 5 1
9496 5 1
9497 5 2
9498 5 1
9499 5 1
9500 5 1
9501 5 1
9502 5 1
9503 5 1
9504 5 1
9505 5 1
9506 5 1
9507 5 1
9508 5 1
9509 5 1
9510 5 1
9511 5 1
9512 5 1
9513 5 2
9514 5 2
9515 5 1
9516 5 1
9517 5 1
9518 5 1
9519 5 1
9520 5 1
9521 5 1
9522 5 1
9523 5 1
9524 5 1
9525 5 1
9526 5 1
9527 5 1
9528 5 1
9529 5 1
9530 5 1
9531 5 1
9532 5 1
9533 5 1
