3 3 1
4 3 11
5 3 1
6 3 2330
7 3 10
8 3 678
9 3 1
12 3 8
13 3 3
15 3 1411
18 3 390
19 3 15
25 3 257
26 3 392
27 3 136
31 3 358
32 3 52
34 3 2
35 3 2
36 3 1
37 3 82
38 3 239
39 3 8
40 3 219
41 3 8
43 3 2
46 3 251
49 3 857
52 3 10
53 3 931
56 3 1
59 3 23
61 3 326
62 3 23
64 3 59
65 3 95
66 3 793
67 3 3
68 3 617
69 3 1
70 3 1
71 3 354
73 3 926
75 3 7
76 3 191
77 3 342
78 3 62
79 3 39
80 3 6
81 3 333
82 3 1178
83 3 82
84 3 38
85 3 25
87 3 1
89 3 38
91 3 67
92 3 100
93 3 17
94 3 329
96 3 20
99 3 6
100 3 35
102 3 193
103 3 10
104 3 3
105 3 2
106 3 21
112 3 217
113 3 8
116 3 163
122 3 1
123 3 1
124 3 2
125 3 61
126 3 1
127 3 1
129 3 31
130 3 18
131 3 219
132 3 8
133 3 4
136 3 13
140 3 1
142 3 1
143 3 1
144 3 3
147 3 90
157 3 15
158 3 33
159 3 38
160 3 250
161 3 20
163 3 33
168 3 24
176 3 2
177 3 49
183 3 54
185 3 11
186 3 35
197 3 51
202 3 6
225 3 1
229 3 170
233 3 53
235 3 124
236 3 1
237 3 2
238 3 5
240 3 4
242 3 1
249 3 2
252 3 1
255 3 7
257 3 3
260 3 5
268 3 4
274 3 1
276 3 44
282 3 31
283 3 3
286 3 1
287 3 89
289 3 5
292 3 40
294 3 3
297 3 3
302 3 3
306 3 8
309 3 1
317 3 2
321 3 240
322 3 56
323 3 60
324 3 2
325 3 71
326 3 73
327 3 32
329 3 12
330 3 2
331 3 14
337 3 37
338 3 2
339 3 2
341 3 121
343 3 4
345 3 1
346 3 423
348 3 52
350 3 2
352 3 144
354 3 159
355 3 64
356 3 473
358 3 150
360 3 338
362 3 1
365 3 22
366 3 104
367 3 7
369 3 2
370 3 9
371 3 1054
372 3 484
373 3 40
374 3 5
375 3 33
376 3 15
377 3 1
378 3 10
379 3 1
380 3 43
381 3 1
382 3 55
383 3 2
384 3 3
385 3 2
386 3 7
387 3 48
388 3 1
389 3 16
390 3 508
391 3 9
392 3 3
393 3 1
394 3 2
395 3 47
396 3 60
397 3 164
398 3 131
399 3 8
401 3 80
402 3 10
404 3 279
405 3 24
406 3 1
407 3 60
408 3 33
409 3 7
411 3 5
412 3 30
416 3 24
417 3 22
418 3 1
419 3 3
422 3 12
425 3 61
426 3 164
427 3 4
429 3 46
431 3 13
432 3 25
433 3 24
434 3 17
435 3 476
436 3 24
438 3 65
439 3 2
440 3 35
441 3 4
442 3 2
444 3 16
445 3 7
446 3 2
447 3 2
448 3 6
449 3 7
452 3 39
453 3 13
456 3 3
457 3 6
459 3 66
461 3 3
463 3 25
464 3 162
465 3 5
466 3 174
468 3 5
469 3 13
471 3 133
473 3 68
476 3 2
477 3 51
479 3 6
480 3 30
481 3 4
482 3 211
483 3 1
484 3 5
485 3 44
486 3 51
487 3 14
488 3 11
489 3 91
490 3 18
491 3 2
492 3 1
494 3 4
495 3 5
497 3 15
498 3 11
499 3 12
500 3 10
502 3 10
503 3 7
504 3 1
505 3 17
507 3 1
508 3 129
509 3 30
512 3 108
514 3 57
515 3 2
516 3 19
517 3 2
518 3 3
519 3 28
520 3 78
521 3 57
524 3 29
525 3 15
526 3 35
528 3 23
530 3 6
531 3 23
533 3 67
539 3 3
545 3 20
546 3 28
547 3 2
550 3 4
551 3 78
552 3 3
553 3 92
556 3 5
559 3 1
560 3 45
561 3 9
562 3 38
563 3 3
565 3 1
567 3 4
568 3 7
569 3 1
570 3 8
579 3 4
582 3 17
584 3 1
585 3 8
589 3 21
591 3 45
592 3 1
593 3 14
594 3 3
595 3 5
597 3 52
601 3 6
603 3 2
605 3 17
606 3 12
610 3 1
615 3 20
616 3 20
618 3 22
620 3 1
631 3 32
632 3 8
633 3 7
636 3 2
637 3 10
639 3 34
644 3 6
647 3 1
649 3 201
650 3 67
653 3 6
654 3 55
655 3 1
658 3 23
659 3 3
663 3 4
664 3 22
668 3 7
670 3 2
671 3 50
672 3 29
675 3 1
676 3 6
677 3 8
678 3 4
681 3 103
688 3 1
691 3 1
692 3 10
694 3 14
696 3 8
698 3 4
703 3 2
707 3 4
713 3 1
714 3 4
718 3 4
721 3 22
722 3 2
723 3 49
727 3 19
729 3 37
730 3 35
731 3 12
732 3 3
733 3 4
735 3 1
737 3 7
738 3 2
740 3 2
743 3 3
745 3 585
746 3 1
748 3 8
749 3 4
752 3 8
753 3 27
754 3 7
756 3 3
757 3 26
759 3 10
760 3 1
761 3 25
763 3 6
765 3 1
767 3 107
768 3 5
769 3 3
770 3 1
771 3 1
773 3 47
778 3 1
779 3 5
780 3 1
781 3 18
782 3 16
785 3 7
788 3 5
790 3 1
793 3 5
794 3 50
796 3 1
798 3 2
800 3 23
803 3 3
808 3 19
809 3 2
810 3 6
812 3 2
818 3 1
819 3 2
824 3 1
828 3 1
829 3 1
832 3 2
833 3 2
834 3 3
835 3 1
836 3 1
837 3 10
838 3 16
841 3 2
842 3 33
846 3 20
847 3 30
848 3 4
849 3 1
850 3 3
853 3 2
855 3 15
858 3 2
859 3 1
860 3 18
862 3 2
863 3 9
867 3 1
873 3 8
879 3 1
880 3 1
883 3 4
885 3 13
886 3 4
888 3 17
890 3 1
891 3 1
892 3 2
893 3 5
894 3 2
896 3 5
897 3 16
899 3 167
902 3 5
903 3 3
906 3 1
910 3 1
912 3 1
914 3 1
916 3 1
918 3 5
921 3 2
923 3 1
924 3 1
931 3 2
933 3 1
934 3 1
936 3 5
940 3 34
942 3 7
943 3 3
944 3 37
945 3 3
946 3 9
947 3 1
948 3 3
950 3 2
954 3 29
957 3 2
958 3 14
959 3 2
960 3 11
962 3 1
964 3 76
966 3 60
967 3 1
968 3 4
969 3 4
971 3 2
972 3 2
973 3 8
976 3 2
979 3 6
981 3 79
983 3 28
988 3 3
990 3 9
991 3 16
992 3 1
994 3 41
996 3 8
1000 3 4
1001 3 5
1003 3 2
1004 3 6
1005 3 9
1006 3 7
1008 3 32
1009 3 1
1010 3 15
1012 3 5
1013 3 1
1015 3 4
1016 3 13
1017 3 1
1020 3 6
1022 3 3
1023 3 2
1026 3 1
1030 3 1
1031 3 22
1032 3 5
1034 3 55
1035 3 11
1036 3 8
1039 3 14
1041 3 1
1043 3 1
1044 3 2
1046 3 1
1055 3 4
1058 3 20
1060 3 2
1061 3 6
1064 3 6
1065 3 46
1069 3 2
1070 3 1
1072 3 136
1073 3 86
1075 3 23
1076 3 4
1077 3 3
1080 3 3
1083 3 15
1084 3 4
1085 3 3
1087 3 63
1088 3 12
1091 3 3
1092 3 4
1093 3 3
1094 3 1
1096 3 468
1098 3 1
1099 3 4
1100 3 5
1101 3 5
1105 3 2
1109 3 2
1111 3 27
1112 3 2
1113 3 1
1117 3 1
1123 3 5
1124 3 102
1129 3 1
1131 3 1
1133 3 1
1134 3 8
1136 3 1
1137 3 1
1141 3 13
1143 3 1
1147 3 2
1149 3 32
1150 3 1
1151 3 23
1152 3 598
1153 3 1
1155 3 10
1159 3 18
1160 3 16
1161 3 2
1162 3 16
1163 3 9
1164 3 9
1166 3 6
1167 3 2
1168 3 7
1171 3 21
1172 3 7
1174 3 1
1176 3 16
1177 3 1
1179 3 1
1180 3 1
1184 3 1
1187 3 20
1188 3 7
1189 3 9
1190 3 4
1193 3 4
1194 3 5
1197 3 5
1198 3 4
1199 3 3
1203 3 2
1205 3 30
1206 3 1
1210 3 1
1212 3 7
1214 3 9
1215 3 3
1217 3 44
1220 3 6
1221 3 33
1223 3 1
1225 3 4
1226 3 1
1229 3 4
1231 3 3
1232 3 13
1234 3 1
1245 3 10
1247 3 7
1248 3 13
1250 3 16
1251 3 31
1252 3 10
1253 3 69
1255 3 11
1257 3 4
1258 3 4
1260 3 1
1267 3 8
1269 3 12
1270 3 54
1271 3 4
1275 3 3
1277 3 6
1278 3 2
1283 3 2
1290 3 12
1291 3 1
1293 3 4
1296 3 15
1298 3 6
1304 3 1
1305 3 2
1307 3 1
1308 3 1
1311 3 1
1312 3 48
1318 3 20
1320 3 1
1321 3 1
1324 3 2
1326 3 10
1327 3 1
1328 3 1
1333 3 8
1338 3 1
1339 3 1
1341 3 32
1342 3 1
1348 3 44
1350 3 3
1352 3 1
1359 3 16
1360 3 2
1362 3 1
1369 3 13
1370 3 1
1372 3 6
1373 3 9
1377 3 4
1379 3 2
1380 3 3
1387 3 11
1390 3 1
1395 3 2
1397 3 13
1399 3 3
1405 3 86
1411 3 3
1416 3 1
1418 3 6
1419 3 1
1420 3 7
1421 3 4
1422 3 3
1423 3 7
1424 3 6
1425 3 1
1427 3 2
1429 3 3
1431 3 25
1434 3 3
1435 3 2
1436 3 1
1442 3 2
1446 3 45
1447 3 2
1450 3 1
1452 3 1
1456 3 2
1457 3 2
1461 3 1
1464 3 7
1467 3 1
1471 3 3
1473 3 15
1474 3 2
1475 3 9
1478 3 2
1480 3 5
1483 3 1
1484 3 4
1487 3 6
1488 3 3
1490 3 4
1492 3 42
1494 3 8
1495 3 1
1497 3 13
1498 3 28
1501 3 21
1503 3 1
1505 3 8
1506 3 7
1510 3 1
1514 3 2
1518 3 1
1519 3 1
1523 3 5
1529 3 6
1533 3 3
1534 3 7
1536 3 1
1537 3 5
1538 3 2
1540 3 3
1543 3 1
1548 3 9
1555 3 59
1557 3 22
1558 3 8
1559 3 1
1560 3 4
1561 3 1
1565 3 1
1568 3 17
1570 3 9
1571 3 13
1572 3 8
1573 3 2
1583 3 4
1585 3 3
1586 3 8
1587 3 5
1592 3 1
1594 3 6
1604 3 2
1609 3 7
1611 3 1
1612 3 5
1616 3 2
1621 3 3
1622 3 6
1632 3 3
1636 3 1
1637 3 19
1640 3 1
1645 3 8
1652 3 5
1654 3 5
1655 3 5
1657 3 4
1661 3 2
1672 3 2
1673 3 3
1675 3 1
1680 3 3
1682 3 1
1688 3 1
1691 3 2
1692 3 2
1695 3 9
1697 3 1
1698 3 1
1700 3 4
1702 3 2
1703 3 3
1705 3 2
1710 3 3
1714 3 1
1715 3 1
1719 3 1
1720 3 33
1724 3 2
1729 3 6
1730 3 6
1731 3 1
1737 3 6
1739 3 4
1741 3 1
1742 3 19
1745 3 1
1747 3 1
1748 3 141
1749 3 1
1753 3 2
1756 3 1
1758 3 9
1762 3 1
1764 3 1
1768 3 3
1771 3 1
1775 3 1
1780 3 9
1794 3 2
1798 3 7
1800 3 1
1803 3 3
1807 3 1
1808 3 79
1817 3 2
1821 3 54
1824 3 4
1830 3 1
1839 3 5
1844 3 5
1846 3 4
1855 3 14
1859 3 1
1862 3 5
1863 3 2
1865 3 1
1886 3 2
1887 3 1
1891 3 4
1892 3 2
1894 3 6
1897 3 1
1899 3 4
1903 3 2
1907 3 11
1910 3 9
1911 3 35
1916 3 45
1917 3 4
1918 3 1
1919 3 4
1920 3 11
1922 3 1
1923 3 2
1926 3 1
1928 3 31
1930 3 4
1932 3 9
1934 3 1
1940 3 1
1942 3 6
1943 3 2
1944 3 19
1945 3 2
1946 3 1
1950 3 1
1951 3 3
1956 3 2
1957 3 18
1962 3 3
1963 3 3
1965 3 24
1966 3 3
1967 3 6
1971 3 5
1975 3 3
1977 3 15
1978 3 10
1979 3 1
1980 3 2
1982 3 2
1985 3 7
1986 3 1
2001 3 2
2003 3 2
2004 3 6
2006 3 6
2007 3 4
2008 3 2
2010 3 1
2015 3 5
2017 3 1
2018 3 2
2021 3 3
2023 3 1
2027 3 5
2028 3 3
2032 3 2
2038 3 3
2039 3 3
2042 3 2
2045 3 2
2046 3 5
2048 3 14
2051 3 2
2052 3 1
2053 3 2
2054 3 2
2056 3 1
2060 3 3
2068 3 8
2076 3 3
2078 3 2
2081 3 3
2082 3 2
2083 3 5
2085 3 1
2087 3 21
2088 3 2
2093 3 1
2094 3 10
2095 3 3
2101 3 24
2102 3 1
2103 3 15
2104 3 2
2106 3 3
2109 3 3
2110 3 2
2114 3 1
2116 3 1
2122 3 6
2125 3 6
2130 3 1
2131 3 12
2134 3 1
2135 3 4
2136 3 4
2138 3 1
2139 3 12
2140 3 1
2141 3 5
2142 3 1
2143 3 1
2148 3 1
2152 3 1
2155 3 13
2161 3 2
2163 3 5
2168 3 4
2169 3 10
2175 3 9
2177 3 1
2183 3 4
2184 3 15
2186 3 7
2187 3 1
2188 3 3
2190 3 3
2194 3 1
2197 3 2
2198 3 2
2200 3 35
2206 3 2
2207 3 2
2211 3 1
2220 3 4
2226 3 4
2230 3 28
2236 3 12
2241 3 3
2243 3 1
2244 3 5
2245 3 3
2248 3 41
2250 3 1
2253 3 2
2257 3 2
2260 3 43
2264 3 1
2270 3 19
2272 3 4
2274 3 2
2278 3 32
2281 3 1
2282 3 3
2287 3 1
2290 3 51
2291 3 1
2294 3 36
2296 3 17
2298 3 2
2301 3 1
2302 3 11
2305 3 3
2310 3 1
2312 3 3
2313 3 1
2314 3 1
2315 3 1
2316 3 1
2317 3 5
2318 3 5
2320 3 1
2321 3 15
2329 3 1
2330 3 8
2331 3 8
2335 3 8
2338 3 10
2340 3 1
2345 3 1
2349 3 1
2351 3 10
2354 3 1
2365 3 2
2372 3 23
2373 3 13
2374 3 19
2375 3 2
2376 3 22
2377 3 1
2378 3 4
2379 3 1
2380 3 94
2381 3 11
2383 3 1
2384 3 2
2386 3 1
2390 3 2
2394 3 1
2399 3 3
2400 3 3
2401 3 11
2402 3 1
2404 3 1
2406 3 2
2407 3 6
2408 3 6
2409 3 20
2411 3 5
2413 3 2
2416 3 1
2418 3 6
2419 3 1
2420 3 1
2421 3 1
2422 3 1
2425 3 1
2426 3 5
2430 3 4
2438 3 4
2444 3 3
2448 3 10
2450 3 1
2451 3 3
2453 3 3
2455 3 1
2459 3 4
2463 3 1
2465 3 1
2466 3 1
2467 3 7
2481 3 1
2484 3 1
2488 3 1
2489 3 1
2490 3 2
2491 3 3
2496 3 1
2499 3 3
2502 3 27
2507 3 8
2509 3 7
2511 3 2
2512 3 2
2516 3 1
2517 3 3
2518 3 6
2519 3 19
2521 3 2
2523 3 3
2528 3 5
2532 3 5
2534 3 1
2535 3 102
2536 3 10
2537 3 1
2539 3 8
2540 3 3
2544 3 2
2545 3 1
2551 3 6
2552 3 2
2553 3 1
2555 3 2
2567 3 9
2570 3 3
2573 3 1
2575 3 5
2587 3 4
2590 3 1
2593 3 13
2594 3 4
2596 3 5
2599 3 7
2600 3 6
2601 3 1
2608 3 2
2610 3 1
2613 3 34
2614 3 7
2615 3 1
2616 3 1
2619 3 1
2622 3 3
2626 3 4
2628 3 2
2633 3 3
2634 3 2
2639 3 6
2643 3 1
2644 3 4
2648 3 1
2662 3 1
2673 3 4
2675 3 5
2677 3 3
2685 3 6
2692 3 10
2693 3 4
2696 3 1
2697 3 1
2699 3 1
2701 3 9
2707 3 1
2710 3 8
2711 3 1
2714 3 4
2721 3 11
2724 3 3
2726 3 4
2731 3 1
2732 3 5
2734 3 7
2742 3 7
2753 3 1
2754 3 1
2755 3 6
2760 3 1
2766 3 1
2768 3 32
2773 3 4
2783 3 4
2790 3 1
2791 3 3
2795 3 6
2800 3 3
2801 3 1
2802 3 3
2805 3 2
2814 3 1
2815 3 2
2817 3 11
2820 3 8
2821 3 4
2825 3 2
2829 3 1
2834 3 1
2848 3 13
2853 3 1
2854 3 11
2858 3 6
2865 3 1
2869 3 2
2871 3 1
2873 3 2
2878 3 3
2880 3 1
2882 3 3
2883 3 2
2884 3 1
2886 3 1
2890 3 2
2894 3 12
2899 3 1
2900 3 3
2902 3 1
2906 3 3
2909 3 1
2912 3 2
2913 3 1
2915 3 1
2916 3 4
2925 3 1
2928 3 3
2933 3 8
2937 3 2
2940 3 7
2943 3 1
2944 3 1
2945 3 1
2963 3 12
2970 3 2
2977 3 2
2980 3 1
2981 3 1
2995 3 1
2999 3 13
3003 3 2
3004 3 2
3008 3 18
3009 3 2
3022 3 6
3026 3 63
3028 3 3
3030 3 3
3031 3 5
3033 3 1
3037 3 7
3044 3 1
3046 3 4
3048 3 1
3050 3 1
3052 3 3
3054 3 2
3061 3 2
3062 3 18
3068 3 3
3079 3 4
3087 3 4
3095 3 2
3098 3 11
3099 3 1
3100 3 1
3105 3 1
3114 3 1
3117 3 1
3121 3 1
3123 3 1
3126 3 1
3127 3 2
3128 3 1
3131 3 15
3133 3 78
3135 3 1
3140 3 2
3145 3 1
3148 3 5
3150 3 1
3157 3 1
3158 3 5
3159 3 1
3160 3 4
3173 3 5
3174 3 1
3183 3 5
3186 3 1
3192 3 3
3193 3 7
3194 3 1
3196 3 1
3198 3 1
3199 3 3
3201 3 1
3202 3 7
3203 3 4
3205 3 1
3208 3 12
3209 3 13
3211 3 8
3212 3 5
3215 3 10
3223 3 5
3226 3 1
3227 3 24
3228 3 11
3229 3 2
3231 3 1
3236 3 12
3242 3 4
3248 3 2
3255 3 2
3261 3 6
3274 3 3
3275 3 1
3276 3 1
3280 3 3
3281 3 6
3282 3 1
3284 3 8
3291 3 2
3292 3 32
3296 3 1
3298 3 1
3305 3 3
3306 3 2
3308 3 2
3309 3 28
3310 3 8
3314 3 5
3316 3 2
3319 3 4
3323 3 1
3329 3 27
3331 3 1
3333 3 1
3341 3 1
3348 3 1
3353 3 1
3355 3 3
3366 3 3
3374 3 2
3375 3 2
3377 3 11
3380 3 1
3381 3 6
3383 3 8
3384 3 2
3385 3 3
3387 3 1
3394 3 2
3395 3 3
3396 3 2
3400 3 5
3402 3 2
3411 3 3
3417 3 1
3422 3 2
3424 3 2
3425 3 4
3430 3 1
3433 3 1
3436 3 5
3437 3 1
3438 3 22
3441 3 1
3444 3 1
3446 3 6
3447 3 5
3450 3 1
3452 3 1
3456 3 1
3457 3 1
3458 3 1
3460 3 2
3461 3 1
3464 3 2
3465 3 2
3471 3 8
3474 3 1
3480 3 1
3485 3 1
3486 3 7
3488 3 1
3496 3 1
3497 3 2
3498 3 1
3503 3 1
3508 3 1
3512 3 11
3517 3 2
3522 3 1
3527 3 1
3531 3 8
3532 3 1
3536 3 2
3538 3 1
3544 3 2
3545 3 1
3547 3 1
3552 3 1
3553 3 1
3557 3 8
3558 3 1
3559 3 1
3566 3 1
3573 3 1
3574 3 1
3578 3 1
3579 3 2
3580 3 1
3583 3 3
3586 3 1
3589 3 4
3590 3 1
3599 3 1
3601 3 1
3603 3 3
3609 3 4
3611 3 1
3614 3 1
3617 3 2
3621 3 6
3626 3 1
3629 3 1
3632 3 3
3642 3 2
3643 3 9
3659 3 2
3661 3 7
3667 3 6
3671 3 18
3682 3 1
3686 3 1
3691 3 2
3693 3 3
3698 3 5
3700 3 2
3701 3 3
3702 3 4
3704 3 1
3709 3 7
3713 3 5
3718 3 1
3720 3 1
3724 3 1
3730 3 4
3734 3 1
3741 3 1
3748 3 2
3752 3 2
3765 3 6
3767 3 2
3771 3 15
3773 3 6
3780 3 3
3793 3 2
3794 3 3
3795 3 11
3796 3 3
3799 3 1
3801 3 2
3809 3 2
3812 3 4
3822 3 3
3830 3 1
3837 3 2
3839 3 14
3840 3 1
3843 3 1
3844 3 26
3845 3 1
3846 3 1
3851 3 1
3853 3 5
3854 3 2
3855 3 4
3862 3 5
3863 3 6
3868 3 5
3871 3 3
3873 3 1
3881 3 1
3882 3 1
3887 3 1
3890 3 1
3892 3 1
3893 3 2
3895 3 1
3898 3 5
3900 3 13
3909 3 1
3920 3 1
3923 3 1
3927 3 7
3930 3 1
3941 3 2
3944 3 14
3945 3 37
3953 3 1
3954 3 1
3955 3 1
3959 3 3
3960 3 1
3962 3 7
3964 3 1
3967 3 1
3969 3 1
3972 3 3
3973 3 2
3974 3 12
3975 3 11
3982 3 1
4013 3 8
4015 3 1
4016 3 4
4020 3 14
4024 3 8
4026 3 2
4027 3 40
4032 3 4
4034 3 2
4038 3 1
4039 3 2
4045 3 6
4053 3 1
4054 3 7
4064 3 2
4079 3 1
4080 3 2
4083 3 15
4084 3 12
4086 3 1
4087 3 2
4088 3 4
4089 3 1
4102 3 1
4105 3 2
4107 3 1
4111 3 1
4122 3 12
4123 3 1
4124 3 1
4125 3 1
4126 3 5
4127 3 2
4130 3 1
4135 3 1
4138 3 1
4144 3 6
4154 3 2
4155 3 1
4160 3 1
4165 3 2
4167 3 2
4172 3 1
4183 3 31
4188 3 1
4189 3 33
4190 3 4
4191 3 11
4199 3 8
4200 3 2
4201 3 1
4208 3 4
4210 3 1
4212 3 3
4216 3 7
4217 3 48
4221 3 1
4226 3 3
4231 3 2
4247 3 2
4251 3 1
4256 3 5
4257 3 1
4262 3 4
4263 3 8
4264 3 14
4274 3 1
4276 3 1
4278 3 3
4284 3 1
4289 3 6
4292 3 1
4300 3 2
4307 3 4
4314 3 1
4317 3 3
4331 3 3
4333 3 1
4336 3 3
4344 3 2
4363 3 5
4366 3 1
4367 3 1
4368 3 1
4369 3 3
4371 3 2
4372 3 3
4376 3 33
4377 3 2
4399 3 1
4415 3 1
4418 3 2
4425 3 5
4441 3 3
4443 3 1
4448 3 1
4466 3 1
4471 3 1
4479 3 4
4481 3 1
4494 3 1
4497 3 5
4499 3 1
4508 3 1
4511 3 6
4512 3 2
4515 3 53
4516 3 2
4517 3 1
4523 3 3
4524 3 14
4539 3 10
4547 3 1
4548 3 1
4549 3 4
4551 3 1
4556 3 3
4557 3 3
4563 3 1
4565 3 4
4566 3 4
4571 3 3
4584 3 1
4586 3 1
4590 3 3
4605 3 1
4612 3 4
4614 3 1
4622 3 21
4628 3 24
4631 3 1
4640 3 1
4642 3 1
4643 3 3
4656 3 2
4658 3 17
4661 3 15
4666 3 3
4668 3 3
4669 3 1
4670 3 7
4680 3 35
4682 3 1
4685 3 3
4698 3 2
4704 3 2
4707 3 2
4713 3 1
4718 3 3
4719 3 1
4721 3 1
4733 3 1
4742 3 1
4743 3 10
4757 3 1
4764 3 48
4766 3 5
4767 3 1
4768 3 4
4770 3 1
4774 3 8
4775 3 6
4777 3 13
4791 3 2
4793 3 1
4794 3 2
4797 3 2
4808 3 2
4811 3 1
4812 3 1
4815 3 10
4818 3 3
4826 3 1
4834 3 1
4839 3 9
4840 3 5
4841 3 1
4842 3 2
4844 3 1
4847 3 1
4848 3 1
4849 3 1
4852 3 1
4855 3 4
4858 3 1
4865 3 1
4866 3 1
4867 3 1
4882 3 3
4884 3 20
4896 3 1
4897 3 1
4899 3 5
4903 3 2
4908 3 3
4909 3 1
4910 3 2
4911 3 1
4914 3 1
4920 3 2
4924 3 1
4927 3 2
4934 3 4
4935 3 1
4936 3 2
4938 3 1
4940 3 2
4941 3 1
4943 3 17
4944 3 373
4945 3 330
4946 3 2
4947 3 3
4948 3 17
4949 3 11
4950 3 34
4951 3 4
4952 3 72
4953 3 111
4954 3 58
4955 3 28
4956 3 14
4957 3 2
4958 3 7
4959 3 3
4960 3 3
4961 3 8
4962 3 20
4963 3 4
4964 3 4
4965 3 5
4966 3 1
4967 3 3
4968 3 26
4969 3 3
4970 3 17
4971 3 7
4972 3 1
4973 3 2
4974 3 46
4975 3 7
4976 3 4
4977 3 4
4978 3 2
4979 3 1
4980 3 13
4981 3 1
4982 3 1
4983 3 2
4984 3 1
4985 3 3
4986 3 3
4987 3 23
4988 3 4
4989 3 8
4990 3 1
4991 3 1
4992 3 2
4993 3 1
4994 3 12
4995 3 20
4996 3 5
4997 3 11
4998 3 2
4999 3 9
5000 3 2
5001 3 127
5002 3 101
5003 3 10
5004 3 1
5005 3 2
5006 3 2
5007 3 17
5008 3 1
5009 3 1
5010 3 3
5011 3 1
5012 3 66
5013 3 1
5014 3 2
5015 3 1
5016 3 1
5017 3 1
5018 3 3
5019 3 1
5020 3 1
5021 3 1
5022 3 1
5023 3 1
5024 3 1
5025 3 1
5026 3 1
5027 3 1
5028 3 1
5029 3 19
5030 3 2
5031 3 28
5032 3 1
5033 3 3
5034 3 3
5035 3 6
5036 3 2
5037 3 1
5038 3 1
5039 3 1
5040 3 2
5041 3 1
5042 3 3
5043 3 1
5044 3 1
5045 3 1
5046 3 1
5047 3 6
5048 3 1
5049 3 1
5050 3 1
5051 3 6
5052 3 1
5053 3 1
5054 3 2
5055 3 1
5056 3 4
5057 3 11
5058 3 3
5059 3 4
5060 3 1
5061 3 1
5062 3 1
5063 3 1
5064 3 35
5065 3 53
5066 3 1
5067 3 2
5068 3 11
5069 3 1
5070 3 3
5071 3 3
5072 3 1
5073 3 7
5074 3 2
5075 3 7
5076 3 1
5077 3 1
5078 3 1
5079 3 1
5080 3 3
5081 3 1
5082 3 2
5083 3 3
5084 3 19
5085 3 33
5086 3 3
5087 3 1
5088 3 2
5089 3 9
5090 3 1
5091 3 1
5092 3 1
5093 3 7
5094 3 3
5095 3 1
5096 3 1
5097 3 1
5098 3 1
5099 3 3
5100 3 1
5101 3 3
5102 3 1
5103 3 1
5104 3 6
5105 3 2
5106 3 1
5107 3 1
5108 3 1
5109 3 5
5110 3 2
5111 3 1
5112 3 2
5113 3 23
5114 3 2
5115 3 1
5116 3 3
5117 3 3
5118 3 1
5119 3 3
5120 3 2
5121 3 1
5122 3 4
5123 3 8
5124 3 1
5125 3 1
5126 3 1
5127 3 2
5128 3 2
5129 3 2
5130 3 1
5131 3 2
5132 3 3
5133 3 4
5134 3 3
5135 3 5
5136 3 2
5137 3 1
5138 3 2
5139 3 3
5140 3 4
5141 3 12
5142 3 2
5143 3 9
5144 3 5
5145 3 1
5146 3 1
5147 3 2
5148 3 1
5149 3 1
5150 3 1
5151 3 2
5152 3 1
5153 3 1
5154 3 4
5155 3 24
5156 3 2
5157 3 4
5158 3 1
5159 3 1
5160 3 2
5161 3 2
5162 3 4
5163 3 6
5164 3 4
5165 3 2
5166 3 1
5167 3 3
5168 3 1
5169 3 3
5170 3 1
5171 3 1
5172 3 1
5173 3 1
5174 3 2
5175 3 5
5176 3 4
5177 3 1
5178 3 5
5179 3 1
5180 3 2
5181 3 1
5182 3 1
5183 3 1
5184 3 1
5185 3 9
5186 3 1
5187 3 34
5188 3 22
5189 3 2
5190 3 1
5191 3 2
5192 3 1
5193 3 2
5194 3 1
5195 3 2
5196 3 5
5197 3 1
5198 3 1
5199 3 3
5200 3 2
5201 3 2
5202 3 1
5203 3 1
5204 3 1
5205 3 1
5206 3 1
5207 3 1
5208 3 1
5209 3 1
5210 3 1
5211 3 2
5212 3 1
5213 3 11
5214 3 1
5215 3 1
5216 3 1
5217 3 5
5218 3 1
5219 3 1
5220 3 2
5221 3 2
5222 3 32
5223 3 1
5224 3 15
5225 3 2
5226 3 2
5227 3 1
5228 3 11
5229 3 12
5230 3 1
5231 3 1
5232 3 2
5233 3 2
5234 3 3
5235 3 4
5236 3 4
5237 3 1
5238 3 8
5239 3 2
5240 3 2
5241 3 1
5242 3 1
5243 3 2
5244 3 1
5245 3 1
5246 3 1
5247 3 1
5248 3 1
5249 3 14
5250 3 3
5251 3 1
5252 3 3
5253 3 1
5254 3 2
5255 3 17
5256 3 9
5257 3 2
5258 3 1
5259 3 1
5260 3 20
5261 3 1
5262 3 1
5263 3 5
5264 3 23
5265 3 2
5266 3 2
5267 3 6
5268 3 5
5269 3 1
5270 3 1
5271 3 1
5272 3 7
5273 3 23
5274 3 12
5275 3 7
5276 3 1
5277 3 15
5278 3 3
5279 3 1
5280 3 4
5281 3 5
5282 3 1
5283 3 4
5284 3 1
5285 3 3
5286 3 4
5287 3 11
5288 3 1
5289 3 1
5290 3 3
5291 3 13
5292 3 2
5293 3 13
5294 3 2
5295 3 1
5296 3 10
5297 3 1
5298 3 4
5299 3 3
5300 3 1
5301 3 1
5302 3 14
5303 3 1
5304 3 6
5305 3 3
5306 3 5
5307 3 11
5308 3 1
5309 3 1
5310 3 7
5311 3 2
5312 3 3
5313 3 1
5314 3 4
5315 3 3
5316 3 4
5317 3 1
5318 3 2
5319 3 1
5320 3 3
5321 3 1
5322 3 10
5323 3 2
5324 3 4
5325 3 1
5326 3 1
5327 3 1
5328 3 2
5329 3 3
5330 3 13
5331 3 4
5332 3 11
5333 3 17
5334 3 3
5335 3 1
5336 3 2
5337 3 4
5338 3 2
5339 3 2
5340 3 1
5341 3 1
5342 3 3
5343 3 2
5344 3 8
5345 3 2
5346 3 1
5347 3 4
5348 3 1
5349 3 10
5350 3 2
5351 3 3
5352 3 1
5353 3 1
5354 3 8
5355 3 2
5356 3 2
5357 3 6
5358 3 4
5359 3 2
5360 3 1
5361 3 1
5362 3 24
5363 3 2
5364 3 4
5365 3 2
5366 3 3
5367 3 7
5368 3 5
5369 3 3
5370 3 15
5371 3 3
5372 3 6
5373 3 8
5374 3 6
5375 3 1
5376 3 5
5377 3 7
5378 3 2
5379 3 7
5380 3 2
5381 3 2
5382 3 3
5383 3 1
5384 3 1
5385 3 2
5386 3 1
5387 3 6
5388 3 3
5389 3 5
5390 3 5
5391 3 7
5392 3 2
5393 3 1
5394 3 4
5395 3 10
5396 3 2
5397 3 1
5398 3 2
5399 3 2
5400 3 1
5401 3 1
5402 3 3
5403 3 4
5404 3 2
5405 3 1
5406 3 3
5407 3 3
5408 3 1
5409 3 3
5410 3 6
5411 3 2
5412 3 2
5413 3 1
5414 3 5
5415 3 1
5416 3 1
5417 3 2
5418 3 2
5419 3 2
5420 3 1
5421 3 1
5422 3 4
5423 3 1
5424 3 3
5425 3 2
5426 3 9
5427 3 2
5428 3 3
5429 3 2
5430 3 2
5431 3 1
5432 3 2
5433 3 46
5434 3 2
5435 3 6
5436 3 1
5437 3 2
5438 3 2
5439 3 1
5440 3 8
5441 3 5
5442 3 1
5443 3 1
5444 3 1
5445 3 1
5446 3 11
5447 3 2
5448 3 8
5449 3 1
5450 3 3
5451 3 11
5452 3 1
5453 3 1
5454 3 1
5455 3 1
5456 3 1
5457 3 2
5458 3 1
5459 3 2
5460 3 1
5461 3 1
5462 3 3
5463 3 1
5464 3 2
5465 3 3
5466 3 5
5467 3 7
5468 3 2
5469 3 3
5470 3 1
5471 3 16
5472 3 1
5473 3 10
5474 3 1
5475 3 3
5476 3 3
5477 3 1
5478 3 2
5479 3 1
5480 3 1
5481 3 1
5482 3 1
5483 3 3
5484 3 1
5485 3 3
5486 3 3
5487 3 5
5488 3 1
5489 3 2
5490 3 1
5491 3 2
5492 3 1
5493 3 1
5494 3 1
5495 3 2
5496 3 1
5497 3 4
5498 3 1
5499 3 1
5500 3 1
5501 3 2
5502 3 1
5503 3 1
5504 3 1
5505 3 1
5506 3 1
5507 3 1
5508 3 1
5509 3 2
5510 3 2
5511 3 1
5512 3 2
5513 3 2
5514 3 2
5515 3 5
5516 3 2
5517 3 1
5518 3 4
5519 3 2
5520 3 2
5521 3 2
5522 3 1
5523 3 1
5524 3 6
5525 3 1
5526 3 3
5527 3 2
5528 3 3
5529 3 4
5530 3 5
5531 3 1
5532 3 11
5533 3 2
5534 3 2
5535 3 19
5536 3 2
5537 3 2
5538 3 1
5539 3 11
5540 3 5
5541 3 1
5542 3 4
5543 3 2
5544 3 1
5545 3 6
5546 3 4
5547 3 1
5548 3 1
5549 3 1
5550 3 6
5551 3 2
5552 3 1
5553 3 3
5554 3 3
5555 3 1
5556 3 2
5557 3 3
5558 3 1
5559 3 10
5560 3 1
5561 3 1
5562 3 1
5563 3 1
5564 3 7
5565 3 22
5566 3 1
5567 3 3
5568 3 1
5569 3 1
5570 3 2
5571 3 21
5572 3 13
5573 3 5
5574 3 1
5575 3 1
5576 3 3
5577 3 6
5578 3 1
5579 3 3
5580 3 1
5581 3 4
5582 3 2
5583 3 2
5584 3 2
5585 3 1
5586 3 2
5587 3 8
5588 3 2
5589 3 1
5590 3 1
5591 3 1
5592 3 1
5593 3 1
5594 3 2
5595 3 2
5596 3 3
5597 3 2
5598 3 1
5599 3 2
5600 3 1
5601 3 5
5602 3 1
5603 3 2
5604 3 9
5605 3 7
5606 3 1
5607 3 3
5608 3 1
5609 3 1
5610 3 6
5611 3 2
5612 3 2
5613 3 7
5614 3 2
5615 3 1
5616 3 2
5617 3 12
5618 3 2
5619 3 1
5620 3 1
5621 3 1
5622 3 27
5623 3 1
5624 3 10
5625 3 2
5626 3 30
5627 3 1
5628 3 1
5629 3 1
5630 3 1
5631 3 1
5632 3 1
5633 3 1
5634 3 1
5635 3 2
5636 3 51
5637 3 3
5638 3 1
5639 3 3
5640 3 3
5641 3 14
5642 3 4
5643 3 3
5644 3 1
5645 3 2
5646 3 1
5647 3 2
5648 3 1
5649 3 3
5650 3 2
5651 3 3
5652 3 3
5653 3 3
5654 3 2
5655 3 2
5656 3 17
5657 3 2
5658 3 4
5659 3 3
5660 3 1
5661 3 4
5662 3 3
5663 3 1
5664 3 4
5665 3 8
5666 3 2
5667 3 2
5668 3 30
5669 3 1
5670 3 5
5671 3 1
5672 3 5
5673 3 2
5674 3 3
5675 3 2
5676 3 2
5677 3 2
5678 3 2
5679 3 1
5680 3 1
5681 3 2
5682 3 1
5683 3 7
5684 3 4
5685 3 1
5686 3 4
5687 3 1
5688 3 3
5689 3 2
5690 3 3
5691 3 3
5692 3 2
5693 3 3
5694 3 5
5695 3 1
5696 3 1
5697 3 2
5698 3 1
5699 3 1
5700 3 1
5701 3 2
5702 3 1
5703 3 2
5704 3 1
5705 3 4
5706 3 4
5707 3 2
5708 3 3
5709 3 1
5710 3 4
5711 3 1
5712 3 3
5713 3 1
5714 3 1
5715 3 4
5716 3 1
5717 3 7
5718 3 1
5719 3 9
5720 3 1
5721 3 1
5722 3 2
5723 3 4
5724 3 1
5725 3 7
5726 3 6
5727 3 4
5728 3 1
5729 3 4
5730 3 1
5731 3 1
5732 3 15
5733 3 1
5734 3 3
5735 3 6
5736 3 1
5737 3 1
5738 3 1
5739 3 10
5740 3 5
5741 3 4
5742 3 2
5743 3 3
5744 3 2
5745 3 2
5746 3 1
5747 3 4
5748 3 4
5749 3 5
5750 3 2
5751 3 5
5752 3 5
5753 3 3
5754 3 2
5755 3 1
5756 3 1
5757 3 8
5758 3 10
5759 3 1
5760 3 3
5761 3 1
5762 3 4
5763 3 1
5764 3 1
5765 3 1
5766 3 2
5767 3 8
5768 3 5
5769 3 1
5770 3 1
5771 3 3
5772 3 1
5773 3 9
5774 3 1
5775 3 24
5776 3 1
5777 3 2
5778 3 2
5779 3 2
5780 3 1
5781 3 6
5782 3 4
5783 3 1
5784 3 1
5785 3 2
5786 3 1
5787 3 14
5788 3 6
5789 3 3
5790 3 1
5791 3 1
5792 3 1
5793 3 2
5794 3 1
5795 3 1
5796 3 1
5797 3 1
5798 3 1
5799 3 5
5800 3 1
5801 3 1
5802 3 1
5803 3 1
5804 3 1
5805 3 8
5806 3 1
5807 3 1
5808 3 2
5809 3 1
5810 3 4
5811 3 2
5812 3 2
5813 3 3
5814 3 1
5815 3 2
5816 3 5
5817 3 1
5818 3 1
5819 3 1
5820 3 2
5821 3 2
5822 3 5
5823 3 8
5824 3 1
5825 3 1
5826 3 4
5827 3 1
5828 3 4
5829 3 3
5830 3 1
5831 3 3
5832 3 1
5833 3 1
5834 3 1
5835 3 3
5836 3 3
5837 3 5
5838 3 6
5839 3 7
5840 3 17
5841 3 9
5842 3 5
5843 3 1
5844 3 1
5845 3 1
5846 3 3
5847 3 2
5848 3 2
5849 3 3
5850 3 1
5851 3 1
5852 3 7
5853 3 1
5854 3 1
5855 3 1
5856 3 5
5857 3 1
5858 3 1
5859 3 1
5860 3 3
5861 3 1
5862 3 1
5863 3 1
5864 3 2
5865 3 1
5866 3 4
5867 3 1
5868 3 1
5869 3 1
5870 3 2
5871 3 2
5872 3 6
5873 3 2
5874 3 1
5875 3 1
5876 3 1
5877 3 1
5878 3 2
5879 3 2
5880 3 1
5881 3 5
5882 3 4
5883 3 2
5884 3 1
5885 3 1
5886 3 1
5887 3 1
5888 3 16
5889 3 3
5890 3 5
5891 3 1
5892 3 1
5893 3 1
5894 3 2
5895 3 1
5896 3 2
5897 3 1
5898 3 2
5899 3 2
5900 3 2
5901 3 3
5902 3 1
5903 3 4
5904 3 1
5905 3 1
5906 3 2
5907 3 2
5908 3 1
5909 3 2
5910 3 1
5911 3 1
5912 3 2
5913 3 2
5914 3 1
5915 3 2
5916 3 1
5917 3 2
5918 3 1
5919 3 2
5920 3 1
5921 3 1
5922 3 3
5923 3 3
5924 3 59
5925 3 1
5926 3 1
5927 3 2
5928 3 2
5929 3 2
5930 3 1
5931 3 2
5932 3 10
5933 3 3
5934 3 1
5935 3 1
5936 3 4
5937 3 2
5938 3 5
5939 3 2
5940 3 2
5941 3 3
5942 3 3
5943 3 2
5944 3 3
5945 3 1
5946 3 1
5947 3 1
5948 3 2
5949 3 4
5950 3 1
5951 3 2
5952 3 4
5953 3 6
5954 3 1
5955 3 1
5956 3 1
5957 3 2
5958 3 1
5959 3 7
5960 3 2
5961 3 1
5962 3 1
5963 3 1
5964 3 4
5965 3 1
5966 3 7
5967 3 4
5968 3 4
5969 3 4
5970 3 1
5971 3 2
5972 3 7
5973 3 1
5974 3 4
5975 3 1
5976 3 1
5977 3 1
5978 3 1
5979 3 6
5980 3 2
5981 3 2
5982 3 3
5983 3 1
5984 3 14
5985 3 1
5986 3 10
5987 3 1
5988 3 1
5989 3 3
5990 3 2
5991 3 2
5992 3 1
5993 3 1
5994 3 1
5995 3 2
5996 3 3
5997 3 1
5998 3 1
5999 3 3
6000 3 2
6001 3 1
6002 3 1
6003 3 1
6004 3 1
6005 3 1
6006 3 1
6007 3 2
6008 3 2
6009 3 1
6010 3 1
6011 3 3
6012 3 4
6013 3 1
6014 3 3
6015 3 4
6016 3 1
6017 3 1
6018 3 1
6019 3 2
6020 3 1
6021 3 1
6022 3 9
6023 3 2
6024 3 2
6025 3 2
6026 3 1
6027 3 1
6028 3 1
6029 3 2
6030 3 7
6031 3 9
6032 3 1
6033 3 3
6034 3 1
6035 3 2
6036 3 3
6037 3 2
6038 3 1
6039 3 2
6040 3 4
6041 3 12
6042 3 2
6043 3 2
6044 3 1
6045 3 1
6046 3 4
6047 3 1
6048 3 1
6049 3 2
6050 3 1
6051 3 2
6052 3 1
6053 3 4
6054 3 2
6055 3 2
6056 3 3
6057 3 4
6058 3 2
6059 3 2
6060 3 6
6061 3 1
6062 3 1
6063 3 5
6064 3 1
6065 3 1
6066 3 1
6067 3 1
6068 3 1
6069 3 4
6070 3 1
6071 3 153
6072 3 3
6073 3 1
6074 3 21
6075 3 1
6076 3 7
6077 3 7
6078 3 1
6079 3 1
6080 3 3
6081 3 1
6082 3 1
6083 3 3
6084 3 7
6085 3 1
6086 3 3
6087 3 1
6088 3 7
6089 3 4
6090 3 2
6091 3 4
6092 3 2
6093 3 5
6094 3 3
6095 3 2
6096 3 7
6097 3 1
6098 3 4
6099 3 1
6100 3 1
6101 3 1
6102 3 3
6103 3 26
6104 3 1
6105 3 2
6106 3 1
6107 3 1
6108 3 3
6109 3 3
6110 3 2
6111 3 2
6112 3 1
6113 3 1
6114 3 2
6115 3 3
6116 3 1
6117 3 1
6118 3 1
6119 3 2
6120 3 2
6121 3 2
6122 3 1
6123 3 2
6124 3 1
6125 3 2
6126 3 3
6127 3 2
6128 3 1
6129 3 1
6130 3 3
6131 3 1
6132 3 1
6133 3 1
6134 3 2
6135 3 2
6136 3 1
6137 3 1
6138 3 14
6139 3 1
6140 3 1
6141 3 3
6142 3 1
6143 3 1
6144 3 1
6145 3 45
6146 3 1
6147 3 4
6148 3 1
6149 3 3
6150 3 2
6151 3 1
6152 3 1
6153 3 1
6154 3 1
6155 3 2
6156 3 5
6157 3 1
6158 3 1
6159 3 1
6160 3 1
6161 3 3
6162 3 38
6163 3 11
6164 3 1
6165 3 1
6166 3 1
6167 3 1
6168 3 2
6169 3 1
6170 3 1
6171 3 1
6172 3 22
6173 3 1
6174 3 1
6175 3 1
6176 3 1
6177 3 1
6178 3 1
6179 3 1
6180 3 1
6181 3 3
6182 3 1
6183 3 2
6184 3 3
6185 3 7
6186 3 1
6187 3 1
6188 3 1
6189 3 1
6190 3 1
6191 3 1
6192 3 4
6193 3 1
6194 3 12
6195 3 1
6196 3 1
6197 3 3
6198 3 2
6199 3 1
6200 3 1
6201 3 1
6202 3 5
6203 3 9
6204 3 1
6205 3 1
6206 3 2
6207 3 2
6208 3 1
6209 3 3
6210 3 1
6211 3 27
6212 3 1
6213 3 1
6214 3 3
6215 3 4
6216 3 1
6217 3 2
6218 3 51
6219 3 1
6220 3 2
6221 3 1
6222 3 3
6223 3 3
6224 3 1
6225 3 1
6226 3 5
6227 3 2
6228 3 1
6229 3 9
6230 3 2
6231 3 3
6232 3 1
6233 3 2
6234 3 1
6235 3 5
6236 3 2
6237 3 2
6238 3 1
6239 3 2
6240 3 2
6241 3 4
6242 3 1
6243 3 1
6244 3 2
6245 3 2
6246 3 1
6247 3 1
6248 3 2
6249 3 1
6250 3 1
6251 3 2
6252 3 2
6253 3 1
6254 3 5
6255 3 1
6256 3 1
6257 3 1
6258 3 1
6259 3 3
6260 3 1
6261 3 1
6262 3 1
6263 3 1
6264 3 1
6265 3 1
6266 3 1
6267 3 6
6268 3 5
6269 3 1
6270 3 1
6271 3 1
6272 3 1
6273 3 2
6274 3 1
6275 3 1
6276 3 1
6277 3 2
6278 3 2
6279 3 3
6280 3 2
6281 3 11
6282 3 1
6283 3 1
6284 3 1
6285 3 1
6286 3 1
6287 3 1
6288 3 1
6289 3 4
6290 3 1
6291 3 1
6292 3 2
6293 3 1
6294 3 1
6295 3 2
6296 3 1
6297 3 1
6298 3 2
6299 3 3
6300 3 5
6301 3 1
6302 3 1
6303 3 1
6304 3 1
6305 3 2
6306 3 2
6307 3 1
6308 3 3
6309 3 13
6310 3 10
6311 3 2
6312 3 1
6313 3 1
6314 3 1
6315 3 1
6316 3 2
6317 3 1
6318 3 2
6319 3 1
6320 3 1
6321 3 1
6322 3 1
6323 3 1
6324 3 1
6325 3 1
6326 3 5
6327 3 2
6328 3 1
6329 3 1
6330 3 1
6331 3 1
6332 3 1
6333 3 1
6334 3 2
6335 3 5
6336 3 1
6337 3 2
6338 3 1
6339 3 1
6340 3 1
6341 3 1
6342 3 1
6343 3 1
6344 3 1
6345 3 1
6346 3 2
6347 3 2
6348 3 2
6349 3 1
6350 3 3
6351 3 3
6352 3 3
6353 3 1
6354 3 1
6355 3 1
6356 3 2
6357 3 2
6358 3 2
6359 3 1
6360 3 1
6361 3 1
6362 3 5
6363 3 3
6364 3 1
6365 3 3
6366 3 4
6367 3 1
6368 3 2
6369 3 2
6370 3 1
6371 3 3
6372 3 1
6373 3 4
6374 3 4
6375 3 4
6376 3 2
6377 3 1
6378 3 2
6379 3 4
6380 3 1
6381 3 4
6382 3 1
6383 3 1
6384 3 3
6385 3 3
6386 3 1
6387 3 1
6388 3 1
6389 3 1
6390 3 2
6391 3 3
6392 3 1
6393 3 2
6394 3 2
6395 3 2
6396 3 2
6397 3 1
6398 3 3
6399 3 1
6400 3 1
6401 3 2
6402 3 1
6403 3 1
6404 3 1
6405 3 4
6406 3 2
6407 3 10
6408 3 1
6409 3 2
6410 3 3
6411 3 2
6412 3 2
6413 3 2
6414 3 8
6415 3 2
6416 3 1
6417 3 2
6418 3 1
6419 3 3
6420 3 1
6421 3 1
6422 3 1
6423 3 1
6424 3 1
6425 3 1
6426 3 2
6427 3 1
6428 3 2
6429 3 1
6430 3 1
6431 3 1
6432 3 5
6433 3 5
6434 3 1
6435 3 4
6436 3 4
6437 3 3
6438 3 1
6439 3 4
6440 3 4
6441 3 2
6442 3 1
6443 3 1
6444 3 1
6445 3 7
6446 3 1
6447 3 1
6448 3 3
6449 3 3
6450 3 1
6451 3 3
6452 3 1
6453 3 1
6454 3 3
6455 3 6
6456 3 1
6457 3 1
6458 3 1
6459 3 2
6460 3 5
6461 3 1
6462 3 2
6463 3 4
6464 3 1
6465 3 6
6466 3 1
6467 3 1
6468 3 1
6469 3 4
6470 3 2
6471 3 1
6472 3 1
6473 3 1
6474 3 2
6475 3 5
6476 3 2
6477 3 11
6478 3 5
6479 3 1
6480 3 4
6481 3 1
6482 3 3
6483 3 4
6484 3 1
6485 3 4
6486 3 1
6487 3 1
6488 3 1
6489 3 1
6490 3 4
6491 3 9
6492 3 1
6493 3 1
6494 3 1
6495 3 2
6496 3 1
6497 3 1
6498 3 1
6499 3 1
6500 3 2
6501 3 3
6502 3 1
6503 3 4
6504 3 1
6505 3 2
6506 3 1
6507 3 9
6508 3 1
6509 3 1
6510 3 6
6511 3 2
6512 3 1
6513 3 1
6514 3 1
6515 3 2
6516 3 3
6517 3 5
6518 3 2
6519 3 1
6520 3 2
6521 3 2
6522 3 1
6523 3 1
6524 3 1
6525 3 1
6526 3 2
6527 3 5
6528 3 1
6529 3 1
6530 3 2
6531 3 3
6532 3 3
6533 3 1
6534 3 1
6535 3 1
6536 3 8
6537 3 2
6538 3 1
6539 3 1
6540 3 1
6541 3 4
6542 3 2
6543 3 2
6544 3 1
6545 3 1
6546 3 1
6547 3 1
6548 3 1
6549 3 2
6550 3 2
6551 3 1
6552 3 2
6553 3 1
6554 3 6
6555 3 1
6556 3 2
6557 3 1
6558 3 3
6559 3 1
6560 3 1
6561 3 2
6562 3 1
6563 3 3
6564 3 3
6565 3 1
6566 3 6
6567 3 2
6568 3 2
6569 3 2
6570 3 1
6571 3 1
6572 3 2
6573 3 1
6574 3 1
6575 3 1
6576 3 3
6577 3 1
6578 3 1
6579 3 2
6580 3 2
6581 3 2
6582 3 2
6583 3 2
6584 3 1
6585 3 2
6586 3 1
6587 3 2
6588 3 1
6589 3 4
6590 3 2
6591 3 1
6592 3 3
6593 3 2
6594 3 6
6595 3 2
6596 3 3
6597 3 1
6598 3 1
6599 3 1
6600 3 3
6601 3 3
6602 3 1
6603 3 2
6604 3 1
6605 3 1
6606 3 3
6607 3 2
6608 3 2
6609 3 3
6610 3 1
6611 3 1
6612 3 2
6613 3 1
6614 3 1
6615 3 1
6616 3 1
6617 3 1
6618 3 1
6619 3 1
6620 3 2
6621 3 5
6622 3 1
6623 3 3
6624 3 2
6625 3 1
6626 3 5
6627 3 1
6628 3 1
6629 3 2
6630 3 1
6631 3 1
6632 3 1
6633 3 1
6634 3 2
6635 3 1
6636 3 2
6637 3 1
6638 3 2
6639 3 2
6640 3 1
6641 3 2
6642 3 1
6643 3 3
6644 3 1
6645 3 2
6646 3 1
6647 3 1
6648 3 3
6649 3 1
6650 3 4
6651 3 2
6652 3 1
6653 3 2
6654 3 1
6655 3 1
6656 3 1
6657 3 1
6658 3 1
6659 3 2
6660 3 1
6661 3 1
6662 3 1
6663 3 1
6664 3 2
6665 3 1
6666 3 1
6667 3 1
6668 3 1
6669 3 1
6670 3 1
6671 3 1
6672 3 1
6673 3 1
6674 3 1
6675 3 1
6676 3 1
6677 3 1
6678 3 1
6679 3 1
6680 3 1
6681 3 1
6682 3 1
6683 3 1
6684 3 2
6685 3 1
6686 3 2
6687 3 1
6688 3 7
6689 3 1
6690 3 1
6691 3 2
6692 3 1
6693 3 1
6694 3 1
6695 3 1
6696 3 2
6697 3 2
6698 3 2
6699 3 1
6700 3 3
6701 3 2
6702 3 2
6703 3 1
6704 3 1
6705 3 1
6706 3 1
6707 3 2
6708 3 2
6709 3 1
6710 3 1
6711 3 2
6712 3 1
6713 3 2
6714 3 3
6715 3 2
6716 3 1
6717 3 1
6718 3 1
6719 3 1
6720 3 1
6721 3 1
6722 3 1
6723 3 1
6724 3 1
6725 3 2
6726 3 1
6727 3 1
6728 3 7
6729 3 1
6730 3 1
6731 3 1
6732 3 1
6733 3 1
6734 3 1
6735 3 1
6736 3 1
6737 3 1
6738 3 1
6739 3 3
6740 3 1
6741 3 3
6742 3 5
6743 3 2
6744 3 2
6745 3 1
6746 3 2
6747 3 1
6748 3 1
6749 3 2
6750 3 1
6751 3 1
6752 3 1
6753 3 2
6754 3 3
6755 3 1
6756 3 1
6757 3 1
6758 3 1
6759 3 1
6760 3 2
6761 3 2
6762 3 3
6763 3 1
6764 3 1
6765 3 1
6766 3 1
6767 3 13
6768 3 1
6769 3 2
6770 3 1
6771 3 1
6772 3 4
6773 3 3
6774 3 1
6775 3 1
6776 3 1
6777 3 2
6778 3 1
6779 3 1
6780 3 1
6781 3 15
6782 3 5
6783 3 2
6784 3 1
6785 3 3
6786 3 3
6787 3 2
6788 3 1
6789 3 5
6790 3 1
6791 3 1
6792 3 1
6793 3 3
6794 3 1
6795 3 1
6796 3 1
6797 3 2
6798 3 1
6799 3 1
6800 3 2
6801 3 4
6802 3 2
6803 3 1
6804 3 1
6805 3 5
6806 3 1
6807 3 1
6808 3 2
6809 3 5
6810 3 2
6811 3 1
6812 3 2
6813 3 1
6814 3 1
6815 3 1
6816 3 1
6817 3 1
6818 3 2
6819 3 1
6820 3 3
6821 3 1
6822 3 4
6823 3 1
6824 3 1
6825 3 3
6826 3 2
6827 3 1
6828 3 1
6829 3 2
6830 3 1
6831 3 1
6832 3 1
6833 3 1
6834 3 1
6835 3 1
6836 3 1
6837 3 1
6838 3 1
6839 3 1
6840 3 3
6841 3 2
6842 3 2
6843 3 3
6844 3 2
6845 3 2
6846 3 2
6847 3 1
6848 3 1
6849 3 1
6850 3 1
6851 3 1
6852 3 2
6853 3 1
6854 3 2
6855 3 1
6856 3 4
6857 3 1
6858 3 3
6859 3 1
6860 3 1
6861 3 3
6862 3 1
6863 3 1
6864 3 1
6865 3 1
6866 3 1
6867 3 1
6868 3 1
6869 3 1
6870 3 1
6871 3 4
6872 3 1
6873 3 1
6874 3 1
6875 3 3
6876 3 1
6877 3 2
6878 3 3
6879 3 3
6880 3 1
6881 3 1
6882 3 2
6883 3 2
6884 3 1
6885 3 1
6886 3 6
6887 3 1
6888 3 1
6889 3 3
6890 3 5
6891 3 3
6892 3 1
6893 3 2
6894 3 1
6895 3 1
6896 3 1
6897 3 2
6898 3 4
6899 3 2
6900 3 1
6901 3 1
6902 3 1
6903 3 1
6904 3 1
6905 3 2
6906 3 1
6907 3 12
6908 3 3
6909 3 2
6910 3 2
6911 3 2
6912 3 1
6913 3 2
6914 3 1
6915 3 2
6916 3 2
6917 3 1
6918 3 1
6919 3 3
6920 3 1
6921 3 1
6922 3 1
6923 3 2
6924 3 1
6925 3 2
6926 3 2
6927 3 1
6928 3 4
6929 3 2
6930 3 1
6931 3 4
6932 3 2
6933 3 2
6934 3 1
6935 3 1
6936 3 1
6937 3 2
6938 3 1
6939 3 1
6940 3 2
6941 3 1
6942 3 1
6943 3 4
6944 3 3
6945 3 2
6946 3 1
6947 3 3
6948 3 1
6949 3 1
6950 3 1
6951 3 3
6952 3 1
6953 3 2
6954 3 2
6955 3 3
6956 3 1
6957 3 4
6958 3 3
6959 3 1
6960 3 1
6961 3 1
6962 3 1
6963 3 1
6964 3 1
6965 3 1
6966 3 1
6967 3 1
6968 3 3
6969 3 3
6970 3 1
6971 3 1
6972 3 1
6973 3 1
6974 3 1
6975 3 1
6976 3 2
6977 3 1
6978 3 3
6979 3 1
6980 3 1
6981 3 2
6982 3 1
6983 3 3
6984 3 1
6985 3 1
6986 3 1
6987 3 1
6988 3 4
6989 3 1
6990 3 1
6991 3 1
6992 3 1
6993 3 3
6994 3 3
6995 3 3
6996 3 4
6997 3 1
6998 3 2
6999 3 2
7000 3 5
7001 3 3
7002 3 4
7003 3 3
7004 3 1
7005 3 1
7006 3 1
7007 3 1
7008 3 1
7009 3 1
7010 3 1
7011 3 1
7012 3 2
7013 3 1
7014 3 2
7015 3 1
7016 3 1
7017 3 1
7018 3 1
7019 3 1
7020 3 1
7021 3 1
7022 3 2
7023 3 1
7024 3 1
7025 3 2
7026 3 1
7027 3 2
7028 3 1
7029 3 1
7030 3 1
7031 3 2
7032 3 2
7033 3 1
7034 3 1
7035 3 1
7036 3 1
7037 3 1
7038 3 2
7039 3 1
7040 3 1
7041 3 1
7042 3 1
7043 3 2
7044 3 1
7045 3 2
7046 3 3
7047 3 1
7048 3 1
7049 3 2
7050 3 1
7051 3 1
7052 3 1
7053 3 1
7054 3 1
7055 3 1
7056 3 1
7057 3 1
7058 3 2
7059 3 1
7060 3 1
7061 3 6
7062 3 1
7063 3 2
7064 3 1
7065 3 1
7066 3 1
7067 3 3
7068 3 8
7069 3 1
7070 3 1
7071 3 1
7072 3 1
7073 3 2
7074 3 1
7075 3 1
7076 3 1
7077 3 1
7078 3 2
7079 3 1
7080 3 3
7081 3 2
7082 3 1
7083 3 1
7084 3 2
7085 3 5
7086 3 3
7087 3 1
7088 3 1
7089 3 1
7090 3 1
7091 3 1
7092 3 1
7093 3 2
7094 3 1
7095 3 1
7096 3 1
7097 3 1
7098 3 1
7099 3 1
7100 3 1
7101 3 1
7102 3 1
7103 3 1
7104 3 1
7105 3 1
7106 3 1
7107 3 1
7108 3 1
7109 3 1
7110 3 1
7111 3 1
7112 3 1
7113 3 1
7114 3 1
7115 3 1
7116 3 1
7117 3 7
7118 3 1
7119 3 2
7120 3 2
7121 3 1
7122 3 1
7123 3 4
7124 3 1
7125 3 3
7126 3 1
7127 3 3
7128 3 2
7129 3 1
7130 3 1
7131 3 1
7132 3 1
7133 3 1
7134 3 3
7135 3 1
7136 3 2
7137 3 2
7138 3 1
7139 3 1
7140 3 2
7141 3 3
7142 3 1
7143 3 1
7144 3 1
7145 3 1
7146 3 1
7147 3 4
7148 3 1
7149 3 1
7150 3 2
7151 3 1
7152 3 2
7153 3 1
7154 3 1
7155 3 1
7156 3 1
7157 3 1
7158 3 1
7159 3 1
7160 3 1
7161 3 2
7162 3 2
7163 3 1
7164 3 1
7165 3 1
7166 3 1
7167 3 1
7168 3 1
7169 3 1
7170 3 1
7171 3 1
7172 3 1
7173 3 1
7174 3 2
7175 3 2
7176 3 1
7177 3 1
7178 3 1
7179 3 1
7180 3 1
7181 3 1
7182 3 1
7183 3 1
7184 3 3
7185 3 1
7186 3 1
7187 3 1
7188 3 1
7189 3 3
7190 3 1
7191 3 3
7192 3 1
7193 3 1
7194 3 4
7195 3 1
7196 3 1
7197 3 1
7198 3 1
7199 3 2
7200 3 1
7201 3 1
7202 3 1
7203 3 1
7204 3 1
7205 3 1
7206 3 1
7207 3 1
7208 3 1
7209 3 1
7210 3 2
7211 3 1
7212 3 1
7213 3 1
7214 3 1
7215 3 1
7216 3 1
7217 3 8
7218 3 2
7219 3 2
7220 3 2
7221 3 1
7222 3 1
7223 3 1
7224 3 1
7225 3 1
7226 3 1
7227 3 1
7228 3 1
7229 3 1
7230 3 5
7231 3 1
7232 3 1
7233 3 1
7234 3 1
7235 3 1
7236 3 1
7237 3 1
7238 3 1
7239 3 2
7240 3 2
7241 3 2
7242 3 1
7243 3 1
7244 3 1
7245 3 2
7246 3 1
7247 3 1
7248 3 1
7249 3 1
7250 3 1
7251 3 2
7252 3 1
7253 3 1
7254 3 2
7255 3 2
7256 3 1
7257 3 1
7258 3 1
7259 3 1
7260 3 3
7261 3 2
7262 3 2
7263 3 1
7264 3 4
7265 3 2
7266 3 1
7267 3 1
7268 3 2
7269 3 1
7270 3 2
7271 3 1
7272 3 1
7273 3 1
7274 3 1
7275 3 2
7276 3 1
7277 3 4
7278 3 1
7279 3 1
7280 3 1
7281 3 1
7282 3 2
7283 3 2
7284 3 1
7285 3 1
7286 3 1
7287 3 1
7288 3 1
7289 3 1
7290 3 1
7291 3 1
7292 3 1
7293 3 1
7294 3 1
7295 3 1
7296 3 1
7297 3 1
7298 3 2
7299 3 1
7300 3 2
7301 3 2
7302 3 1
7303 3 1
7304 3 1
7305 3 1
7306 3 1
7307 3 1
7308 3 1
7309 3 1
7310 3 1
7311 3 1
7312 3 3
7313 3 1
7314 3 1
7315 3 1
7316 3 1
7317 3 1
7318 3 1
7319 3 1
7320 3 3
7321 3 1
7322 3 1
7323 3 2
7324 3 3
7325 3 2
7326 3 3
7327 3 1
7328 3 2
7329 3 1
7330 3 1
7331 3 1
7332 3 2
7333 3 1
7334 3 1
7335 3 1
7336 3 1
7337 3 1
7338 3 1
7339 3 2
7340 3 1
7341 3 1
7342 3 1
7343 3 1
7344 3 1
7345 3 1
7346 3 1
7347 3 1
7348 3 2
7349 3 1
7350 3 1
7351 3 1
7352 3 1
7353 3 1
7354 3 1
7355 3 1
7356 3 1
7357 3 1
7358 3 1
7359 3 1
7360 3 1
7361 3 1
7362 3 1
7363 3 1
7364 3 2
7365 3 1
7366 3 2
7367 3 1
7368 3 1
7369 3 1
7370 3 1
7371 3 1
7372 3 1
7373 3 1
7374 3 1
7375 3 1
7376 3 1
7377 3 1
7378 3 1
7379 3 1
7380 3 1
7381 3 1
7382 3 2
7383 3 3
7384 3 1
7385 3 1
7386 3 1
7387 3 1
7388 3 1
7389 3 1
7390 3 2
7391 3 1
7392 3 1
7393 3 1
7394 3 1
7395 3 2
7396 3 1
7397 3 1
7398 3 1
7399 3 1
7400 3 1
7401 3 1
7402 3 1
7403 3 3
7404 3 1
7405 3 1
7406 3 1
7407 3 1
7408 3 1
7409 3 1
7410 3 1
7411 3 2
7412 3 1
7413 3 1
7414 3 1
7415 3 1
7416 3 1
7417 3 1
7418 3 1
7419 3 1
7420 3 1
7421 3 1
7422 3 1
7423 3 1
7424 3 1
7425 3 1
7426 3 2
7427 3 1
7428 3 1
7429 3 1
7430 3 1
7431 3 1
7432 3 1
7433 3 1
7434 3 1
7435 3 1
7436 3 1
7437 3 2
7438 3 1
7439 3 2
7440 3 1
7441 3 2
7442 3 1
7443 3 1
7444 3 1
7445 3 1
7446 3 1
7447 3 1
7448 3 2
7449 3 1
7450 3 1
7451 3 1
7452 3 1
7453 3 1
7454 3 1
7455 3 3
7456 3 5
7457 3 1
7458 3 1
7459 3 2
7460 3 1
7461 3 2
7462 3 1
7463 3 2
7464 3 1
7465 3 1
7466 3 1
7467 3 1
7468 3 2
7469 3 1
7470 3 1
7471 3 1
7472 3 1
7473 3 1
7474 3 1
7475 3 1
7476 3 1
7477 3 1
7478 3 1
7479 3 1
7480 3 3
7481 3 2
7482 3 1
7483 3 1
7484 3 1
7485 3 1
7486 3 1
7487 3 2
7488 3 8
7489 3 3
7490 3 1
7491 3 1
7492 3 2
7493 3 1
7494 3 1
7495 3 1
7496 3 2
7497 3 1
7498 3 1
7499 3 1
7500 3 1
7501 3 1
7502 3 1
7503 3 1
7504 3 2
7505 3 1
7506 3 1
7507 3 1
7508 3 1
7509 3 1
7510 3 2
7511 3 1
7512 3 2
7513 3 1
7514 3 1
7515 3 1
7516 3 1
7517 3 1
7518 3 2
7519 3 2
7520 3 1
7521 3 1
7522 3 1
7523 3 2
7524 3 1
7525 3 2
7526 3 2
7527 3 1
7528 3 1
7529 3 1
7530 3 1
7531 3 1
7532 3 1
7533 3 2
7534 3 1
7535 3 1
7536 3 2
7537 3 2
7538 3 1
7539 3 2
7540 3 1
7541 3 1
7542 3 2
7543 3 3
7544 3 1
7545 3 1
7546 3 1
7547 3 1
7548 3 1
7549 3 1
7550 3 2
7551 3 2
7552 3 1
7553 3 2
7554 3 1
7555 3 2
7556 3 1
7557 3 1
7558 3 1
7559 3 1
7560 3 2
7561 3 1
7562 3 1
7563 3 1
7564 3 1
7565 3 2
7566 3 1
7567 3 1
7568 3 1
7569 3 1
7570 3 2
7571 3 1
7572 3 1
7573 3 1
7574 3 2
7575 3 2
7576 3 1
7577 3 1
7578 3 1
7579 3 1
7580 3 3
7581 3 1
7582 3 2
7583 3 1
7584 3 1
7585 3 2
7586 3 1
7587 3 1
7588 3 1
7589 3 1
7590 3 1
7591 3 1
7592 3 1
7593 3 1
7594 3 1
7595 3 1
7596 3 1
7597 3 1
7598 3 1
7599 3 1
7600 3 1
7601 3 1
7602 3 1
7603 3 1
7604 3 1
7605 3 2
7606 3 1
7607 3 1
7608 3 1
7609 3 2
7610 3 1
7611 3 1
7612 3 2
7613 3 1
7614 3 1
7615 3 1
7616 3 2
7617 3 1
7618 3 1
7619 3 1
7620 3 1
7621 3 1
7622 3 1
7623 3 1
7624 3 1
7625 3 1
7626 3 2
7627 3 1
7628 3 2
7629 3 2
7630 3 1
7631 3 1
7632 3 1
7633 3 1
7634 3 1
7635 3 1
7636 3 2
7637 3 1
7638 3 1
7639 3 2
7640 3 1
7641 3 1
7642 3 1
7643 3 1
7644 3 2
7645 3 4
7646 3 1
7647 3 1
7648 3 1
7649 3 1
7650 3 1
7651 3 1
7652 3 1
7653 3 1
7654 3 1
7655 3 1
7656 3 1
7657 3 2
7658 3 1
7659 3 1
7660 3 1
7661 3 1
7662 3 1
7663 3 1
7664 3 1
7665 3 1
7666 3 1
7667 3 2
7668 3 1
7669 3 1
7670 3 1
7671 3 2
7672 3 1
7673 3 1
7674 3 1
7675 3 1
7676 3 4
7677 3 1
7678 3 1
7679 3 1
7680 3 1
7681 3 1
7682 3 1
7683 3 1
7684 3 1
7685 3 1
7686 3 1
7687 3 5
7688 3 1
7689 3 1
7690 3 1
7691 3 1
7692 3 1
7693 3 1
7694 3 1
7695 3 1
7696 3 2
7697 3 1
7698 3 3
7699 3 1
7700 3 1
7701 3 1
7702 3 1
7703 3 1
7704 3 2
7705 3 1
7706 3 7
7707 3 1
7708 3 1
7709 3 1
7710 3 1
7711 3 2
7712 3 1
7713 3 1
7714 3 1
7715 3 1
7716 3 1
7717 3 2
7718 3 1
7719 3 1
7720 3 1
7721 3 2
7722 3 1
7723 3 1
7724 3 1
7725 3 1
7726 3 1
7727 3 1
7728 3 1
7729 3 1
7730 3 1
7731 3 1
7732 3 1
7733 3 1
7734 3 1
7735 3 1
7736 3 1
7737 3 2
7738 3 1
7739 3 2
7740 3 1
7741 3 1
7742 3 1
7743 3 1
7744 3 1
7745 3 1
7746 3 1
7747 3 1
7748 3 1
7749 3 1
7750 3 1
7751 3 1
7752 3 1
7753 3 1
7754 3 1
7755 3 3
7756 3 1
7757 3 1
7758 3 1
7759 3 1
7760 3 1
7761 3 1
7762 3 1
7763 3 1
7764 3 1
7765 3 1
7766 3 1
7767 3 1
7768 3 1
7769 3 1
7770 3 1
7771 3 1
7772 3 1
7773 3 1
7774 3 1
7775 3 3
7776 3 1
7777 3 1
7778 3 1
7779 3 1
7780 3 1
7781 3 1
7782 3 1
7783 3 1
7784 3 2
7785 3 1
7786 3 1
7787 3 1
7788 3 2
7789 3 1
7790 3 1
7791 3 1
7792 3 1
7793 3 1
7794 3 1
7795 3 1
7796 3 1
7797 3 1
7798 3 1
7799 3 1
7800 3 1
7801 3 1
7802 3 1
7803 3 1
7804 3 2
7805 3 1
7806 3 1
7807 3 1
7808 3 1
7809 3 1
7810 3 1
7811 3 1
7812 3 1
7813 3 1
7814 3 1
7815 3 1
7816 3 1
7817 3 1
7818 3 2
7819 3 5
7820 3 2
7821 3 1
7822 3 1
7823 3 1
7824 3 1
7825 3 1
7826 3 1
7827 3 1
7828 3 1
7829 3 1
7830 3 1
7831 3 1
7832 3 1
7833 3 1
7834 3 1
7835 3 1
7836 3 1
7837 3 1
7838 3 1
7839 3 1
7840 3 2
7841 3 1
7842 3 1
7843 3 5
7844 3 3
7845 3 1
7846 3 1
7847 3 1
7848 3 1
7849 3 1
7850 3 2
7851 3 1
7852 3 1
7853 3 1
7854 3 1
7855 3 1
7856 3 1
7857 3 1
7858 3 2
7859 3 1
7860 3 1
7861 3 1
7862 3 1
7863 3 1
7864 3 1
7865 3 1
7866 3 1
7867 3 1
7868 3 1
7869 3 1
7870 3 1
7871 3 3
7872 3 1
7873 3 1
7874 3 1
7875 3 1
7876 3 1
7877 3 1
7878 3 1
7879 3 1
7880 3 1
7881 3 1
7882 3 1
7883 3 1
7884 3 2
7885 3 1
7886 3 1
7887 3 1
7888 3 1
7889 3 1
7890 3 1
7891 3 4
7892 3 1
7893 3 1
7894 3 2
7895 3 1
7896 3 2
7897 3 1
7898 3 1
7899 3 1
7900 3 1
7901 3 2
7902 3 1
7903 3 1
7904 3 2
7905 3 1
7906 3 1
7907 3 1
7908 3 1
7909 3 2
7910 3 1
7911 3 1
7912 3 1
7913 3 1
7914 3 1
7915 3 1
7916 3 1
7917 3 1
7918 3 1
7919 3 1
7920 3 1
7921 3 1
7922 3 1
7923 3 1
7924 3 1
7925 3 1
7926 3 1
7927 3 1
7928 3 1
7929 3 1
7930 3 1
7931 3 1
7932 3 2
7933 3 1
7934 3 1
7935 3 1
7936 3 1
7937 3 1
7938 3 2
7939 3 1
7940 3 1
7941 3 1
7942 3 1
7943 3 1
7944 3 1
7945 3 1
7946 3 1
7947 3 1
7948 3 1
7949 3 1
7950 3 1
7951 3 1
7952 3 1
7953 3 1
7954 3 1
7955 3 1
7956 3 1
7957 3 1
7958 3 1
7959 3 1
7960 3 1
7961 3 1
7962 3 1
7963 3 1
7964 3 1
7965 3 1
7966 3 1
7967 3 1
7968 3 2
7969 3 2
7970 3 1
7971 3 1
7972 3 1
7973 3 1
7974 3 1
7975 3 2
7976 3 1
7977 3 1
7978 3 2
7979 3 1
7980 3 1
7981 3 1
7982 3 1
7983 3 1
7984 3 1
7985 3 2
7986 3 1
7987 3 1
7988 3 2
7989 3 2
7990 3 1
7991 3 1
7992 3 1
7993 3 1
7994 3 1
7995 3 1
7996 3 1
7997 3 1
7998 3 1
7999 3 1
8000 3 1
8001 3 1
8002 3 1
8003 3 1
8004 3 1
8005 3 1
8006 3 1
8007 3 1
8008 3 1
8009 3 1
8010 3 1
8011 3 1
8012 3 1
8013 3 1
8014 3 1
8015 3 1
8016 3 1
8017 3 1
8018 3 1
8019 3 1
8020 3 1
8021 3 1
8022 3 1
8023 3 1
8024 3 1
8025 3 1
8026 3 1
8027 3 1
8028 3 1
8029 3 1
8030 3 1
8031 3 1
8032 3 1
8033 3 1
8034 3 1
8035 3 1
8036 3 1
8037 3 1
8038 3 1
8039 3 1
8040 3 1
8041 3 2
8042 3 1
8043 3 1
8044 3 1
8045 3 1
8046 3 1
8047 3 1
8048 3 1
8049 3 1
8050 3 1
8051 3 1
8052 3 1
8053 3 1
8054 3 1
8055 3 1
8056 3 1
8057 3 1
8058 3 1
8059 3 1
8060 3 1
8061 3 1
8062 3 1
8063 3 1
8064 3 1
8065 3 1
8066 3 1
8067 3 3
8068 3 1
8069 3 1
8070 3 1
8071 3 1
8072 3 1
8073 3 2
8074 3 1
8075 3 1
8076 3 1
8077 3 3
8078 3 1
8079 3 1
8080 3 1
8081 3 1
8082 3 1
8083 3 1
8084 3 1
8085 3 1
8086 3 1
8087 3 1
8088 3 1
8089 3 1
8090 3 1
8091 3 1
8092 3 1
8093 3 6
8094 3 1
8095 3 1
8096 3 1
8097 3 1
8098 3 1
8099 3 1
8100 3 1
8101 3 1
8102 3 1
8103 3 1
8104 3 1
8105 3 1
8106 3 1
8107 3 1
8108 3 1
8109 3 1
8110 3 1
8111 3 1
8112 3 1
8113 3 1
8114 3 1
8115 3 1
8116 3 3
8117 3 1
8118 3 2
8119 3 1
8120 3 1
8121 3 1
8122 3 1
8123 3 1
8124 3 1
8125 3 1
8126 3 1
8127 3 1
8128 3 1
8129 3 1
8130 3 1
8131 3 1
8132 3 1
8133 3 2
8134 3 1
8135 3 1
8136 3 1
8137 3 1
8138 3 1
8139 3 1
8140 3 1
8141 3 1
8142 3 1
8143 3 1
8144 3 2
8145 3 1
8146 3 1
8147 3 5
8148 3 1
8149 3 1
8150 3 2
8151 3 1
8152 3 1
8153 3 3
8154 3 1
8155 3 1
8156 3 1
8157 3 1
8158 3 1
8159 3 1
8160 3 1
8161 3 1
8162 3 9
8163 3 1
8164 3 1
8165 3 2
8166 3 1
8167 3 2
8168 3 1
8169 3 1
8170 3 1
8171 3 1
8172 3 1
8173 3 1
8174 3 1
8175 3 1
8176 3 1
8177 3 1
8178 3 1
8179 3 1
8180 3 1
8181 3 1
8182 3 1
8183 3 2
8184 3 1
8185 3 1
8186 3 1
8187 3 1
8188 3 1
8189 3 1
8190 3 1
8191 3 1
8192 3 1
8193 3 1
8194 3 1
8195 3 1
8196 3 1
8197 3 24
8198 3 1
8199 3 4
8200 3 1
8201 3 1
8202 3 1
8203 3 1
8204 3 1
8205 3 1
8206 3 1
8207 3 1
8208 3 1
8209 3 1
8210 3 1
8211 3 1
8212 3 1
8213 3 1
8214 3 1
8215 3 1
8216 3 1
8217 3 1
8218 3 1
8219 3 1
8220 3 1
8221 3 1
8222 3 1
8223 3 1
8224 3 1
8225 3 1
8226 3 1
8227 3 1
8228 3 1
8229 3 1
8230 3 3
8231 3 1
